 0.05            0.298502             1.93886
  0.1            0.393886             1.87549
 0.15             0.48605             1.81022
  0.2            0.574908             1.74344
 0.25            0.660394             1.67551
  0.3            0.742459              1.6068
 0.35            0.821074             1.53767
  0.4            0.896226             1.46845
 0.45            0.967919             1.39947
  0.5             1.03617             1.33102
 0.55             1.10102             1.26336
  0.6             1.16251             1.19672
 0.65             1.22069             1.13131
  0.7             1.27564              1.0673
 0.75             1.32742             1.00483
  0.8             1.37612            0.944026
 0.85             1.42183            0.884978
  0.9             1.46462            0.827755
 0.95              1.5046            0.772404
    1             1.54186            0.718955
 1.05              1.5765            0.667419
  1.1              1.6086            0.617791
 1.15             1.63828            0.570057
  1.2             1.66561            0.524186
 1.25             1.69069            0.480143
  1.3             1.71362            0.437881
 1.35             1.73448            0.397349
  1.4             1.75336            0.358487
 1.45             1.77033            0.321234
  1.5             1.78548            0.285526
 1.55             1.79888            0.251293
  1.6             1.81061            0.218466
 1.65             1.82073            0.186976
  1.7             1.82931             0.15675
 1.75             1.83641            0.127717
  1.8             1.84208           0.0998075
 1.85             1.84639           0.0729512
  1.9             1.84937           0.0470793
 1.95             1.85109           0.0221246
    2             1.85159          -0.0019788
 2.05              1.8509          -0.0252948
  2.1             1.84906          -0.0478855
 2.15             1.84611           -0.069811
  2.2             1.84208          -0.0911291
 2.25             1.83699           -0.111895
  2.3             1.83089           -0.132163
 2.35             1.82378           -0.151984
  2.4             1.81569           -0.171405
 2.45             1.80664           -0.190474
  2.5             1.79664           -0.209232
 2.55             1.78571           -0.227722
  2.6             1.77387           -0.245981
 2.65             1.76112           -0.264044
  2.7             1.74746           -0.281944
 2.75             1.73292           -0.299712
  2.8             1.71749           -0.317374
 2.85             1.70118           -0.334953
  2.9               1.684           -0.352472
 2.95             1.66594           -0.369948
    3               1.647           -0.387396
 3.05              1.6272           -0.404828
  3.1             1.60652           -0.422253
 3.15             1.58497           -0.439676
  3.2             1.56255           -0.457099
 3.25             1.53926           -0.474521
  3.3              1.5151           -0.491937
 3.35             1.49007           -0.509339
  3.4             1.46417           -0.526716
 3.45              1.4374           -0.544052
  3.5             1.40976           -0.561329
 3.55             1.38126           -0.578526
  3.6             1.35191           -0.595616
 3.65              1.3217            -0.61257
  3.7             1.29065           -0.629358
 3.75             1.25877           -0.645944
  3.8             1.22606           -0.662289
 3.85             1.19254           -0.678353
  3.9             1.15822           -0.694091
 3.95             1.12313           -0.709459
    4             1.08728           -0.724407
 4.05             1.05069           -0.738886
  4.1             1.01339           -0.752844
 4.15            0.975404           -0.766229
  4.2            0.936766           -0.778989
 4.25            0.897505           -0.791069
  4.3            0.857659           -0.802416
 4.35            0.817264           -0.812979
  4.4            0.776361           -0.822707
 4.45            0.734993           -0.831551
  4.5            0.693206           -0.839464
 4.55            0.651047           -0.846401
  4.6            0.608566           -0.852324
 4.65            0.565814           -0.857194
  4.7            0.522846            -0.86098
 4.75            0.479716           -0.863654
  4.8            0.436481           -0.865194
 4.85            0.393197           -0.865581
  4.9            0.349923           -0.864805
 4.95            0.306716           -0.862859
    5            0.263637           -0.859744
 5.05            0.220742           -0.855464
  5.1             0.17809           -0.850032
 5.15            0.135739           -0.843465
  5.2           0.0937437           -0.835785
 5.25           0.0521602            -0.82702
  5.3           0.0110417           -0.817204
 5.35          -0.0295602           -0.806374
  5.4          -0.0695957           -0.794571
 5.45           -0.109017           -0.781841
  5.5            -0.14778           -0.768232
 5.55           -0.185841           -0.753795
  5.6           -0.223159           -0.738584
 5.65           -0.259699           -0.722653
  5.7           -0.295425           -0.706058
 5.75           -0.330305           -0.688857
  5.8            -0.36431           -0.671105
 5.85           -0.397415           -0.652859
  5.9           -0.429596           -0.634174
 5.95           -0.460833           -0.615105
    6           -0.491107           -0.595705
 6.05           -0.520403           -0.576025
  6.1           -0.548709           -0.556113
 6.15           -0.576014           -0.536016
  6.2           -0.602311           -0.515779
 6.25           -0.627592           -0.495442
  6.3           -0.651855           -0.475043
 6.35           -0.675097           -0.454619
  6.4           -0.697317           -0.434202
 6.45           -0.718517           -0.413822
  6.5           -0.738699           -0.393505
 6.55           -0.757867           -0.373276
  6.6           -0.776027           -0.353155
 6.65           -0.793183           -0.333162
  6.7           -0.809343           -0.313311
 6.75           -0.824514           -0.293617
  6.8           -0.838705            -0.27409
 6.85           -0.851923           -0.254739
  6.9           -0.864178           -0.235571
 6.95            -0.87548           -0.216591
    7           -0.885838           -0.197802
 7.05            -0.89526           -0.179205
  7.1           -0.903758             -0.1608
 7.15            -0.91134           -0.142587
  7.2           -0.918017           -0.124563
 7.25           -0.923797           -0.106725
  7.3           -0.928689          -0.0890699
 7.35           -0.932704          -0.0715921
  7.4           -0.935848           -0.054287
 7.45           -0.938132          -0.0371493
  7.5           -0.939563          -0.0201735
 7.55            -0.94015         -0.00335404
  7.6           -0.939899           0.0133146
 7.65           -0.938818           0.0298378
  7.7           -0.936915           0.0462205
 7.75           -0.934196           0.0624673
  7.8           -0.930668           0.0785823
 7.85           -0.926338           0.0945689
  7.9           -0.921211             0.11043
 7.95           -0.915295            0.126168
    8           -0.908595            0.141783
 8.05           -0.901117            0.157276
  8.1           -0.892867            0.172646
 8.15           -0.883852            0.187892
  8.2           -0.874078            0.203009
 8.25           -0.863551            0.217996
  8.3           -0.852278            0.232845
 8.35           -0.840267            0.247552
  8.4           -0.827523            0.262108
 8.45           -0.814056            0.276504
  8.5           -0.799873            0.290731
 8.55           -0.784983            0.304779
  8.6           -0.769395            0.318633
 8.65           -0.753119            0.332282
  8.7           -0.736167            0.345711
 8.75           -0.718548            0.358904
  8.8           -0.700276            0.371845
 8.85           -0.681364            0.384516
  8.9           -0.661825            0.396901
 8.95           -0.641674             0.40898
    9           -0.620927            0.420733
 9.05             -0.5996            0.432141
  9.1           -0.577713            0.443184
 9.15           -0.555282            0.453841
  9.2           -0.532329            0.464092
 9.25           -0.508873            0.473916
  9.3           -0.484937            0.483292
 9.35           -0.460544            0.492202
  9.4           -0.435717            0.500625
 9.45           -0.410481            0.508542
  9.5           -0.384863            0.515934
 9.55           -0.358888            0.522786
  9.6           -0.332584             0.52908
 9.65            -0.30598            0.534801
  9.7           -0.279104            0.539935
 9.75           -0.251986             0.54447
  9.8           -0.224657            0.548395
 9.85           -0.197147            0.551701
  9.9           -0.169487            0.554379
 9.95           -0.141709            0.556424
   10           -0.113844            0.557831
10.05          -0.0859256            0.558599
 10.1          -0.0579845            0.558726
10.15           -0.030053            0.558214
 10.2          -0.0021631            0.557065
10.25           0.0256535            0.555285
 10.3           0.0533654             0.55288
10.35           0.0809416            0.549859
 10.4            0.108351            0.546229
10.45            0.135565            0.542004
 10.5            0.162552            0.537196
10.55            0.189284            0.531817
 10.6            0.215733            0.525884
10.65            0.241873            0.519412
 10.7            0.267675            0.512419
10.75            0.293114             0.50492
 10.8            0.318167            0.496936
10.85            0.342808            0.488484
 10.9            0.367015            0.479583
10.95            0.390766            0.470253
   11             0.41404            0.460512
11.05            0.436818             0.45038
 11.1            0.459078            0.439876
11.15            0.480805            0.429019
 11.2             0.50198            0.417826
11.25            0.522588            0.406317
 11.3            0.542612            0.394507
11.35            0.562038            0.382414
 11.4            0.580853            0.370053
11.45            0.599044            0.357441
 11.5            0.616597            0.344591
11.55            0.633503            0.331517
 11.6            0.649749            0.318232
11.65            0.665326            0.304749
 11.7            0.680224            0.291078
11.75            0.694434            0.277231
 11.8            0.707947            0.263216
11.85            0.720755            0.249042
 11.9            0.732851            0.234719
11.95            0.744227            0.220254
   12            0.754877            0.205652
12.05            0.764793            0.190922
 12.1            0.773969            0.176068
12.15            0.782399            0.161097
 12.2            0.790079            0.146012
12.25            0.797001            0.130819
 12.3             0.80316            0.115523
12.35            0.808553            0.100126
 12.4            0.813173           0.0846347
12.45            0.817016           0.0690519
 12.5            0.820078           0.0533821
12.55            0.822355           0.0376298
 12.6            0.823841           0.0217995
12.65            0.824535          0.00589622
 12.7            0.824431          -0.0100748
12.75            0.823527          -0.0261078
 12.8             0.82182          -0.0421965
12.85            0.819307           -0.058334
 12.9            0.815987          -0.0745127
12.95            0.811856          -0.0907244
   13            0.806914            -0.10696
13.05             0.80116           -0.123209
 13.1            0.794593           -0.139462
13.15            0.787214           -0.155705
 13.2            0.779023           -0.171928
13.25            0.770021           -0.188114
 13.3            0.760211           -0.204251
13.35            0.749596           -0.220322
 13.4            0.738179            -0.23631
13.45            0.725965           -0.252196
 13.5             0.71296           -0.267963
13.55            0.699169           -0.283589
 13.6            0.684601           -0.299055
13.65            0.669263           -0.314337
 13.7            0.653167           -0.329412
13.75            0.636322           -0.344257
 13.8            0.618741           -0.358848
13.85            0.600437           -0.373159
 13.9            0.581425           -0.387164
13.95            0.561721           -0.400836
   14            0.541342            -0.41415
14.05            0.520306           -0.427078
 14.1            0.498634           -0.439593
14.15            0.476347           -0.451669
 14.2            0.453467           -0.463278
14.25            0.430019           -0.474394
 14.3            0.406028           -0.484992
14.35             0.38152           -0.495046
 14.4            0.356523           -0.504531
14.45            0.331067           -0.513426
 14.5             0.30518           -0.521707
14.55            0.278896           -0.529354
 14.6            0.252245           -0.536347
14.65            0.225261            -0.54267
 14.7            0.197978           -0.548306
14.75            0.170431           -0.553241
 14.8            0.142654           -0.557463
14.85            0.114684           -0.560963
 14.9           0.0865577           -0.563732
14.95           0.0583111           -0.565765
   15           0.0299812           -0.567058
15.05          0.00160527            -0.56761
 15.1          -0.0267798           -0.567423
15.15           -0.055137           -0.566499
 15.2          -0.0834297           -0.564844
15.25           -0.111621           -0.562465
 15.3           -0.139676           -0.559371
15.35           -0.167559           -0.555574
 15.4           -0.195234           -0.551086
15.45           -0.222667           -0.545923
 15.5           -0.249826             -0.5401
15.55           -0.276677           -0.533634
 15.6           -0.303189           -0.526545
15.65           -0.329332           -0.518852
 15.7           -0.355074           -0.510575
15.75           -0.380389           -0.501736
 15.8           -0.405248           -0.492356
15.85           -0.429625           -0.482457
 15.9           -0.453494           -0.472062
15.95           -0.476831           -0.461193
   16           -0.499613           -0.449872
16.05           -0.521818           -0.438121
 16.1           -0.543425           -0.425963
16.15           -0.564414           -0.413417
 16.2           -0.584767           -0.400506
16.25           -0.604465           -0.387248
 16.3           -0.623492           -0.373664
16.35           -0.641831           -0.359772
 16.4           -0.659469            -0.34559
16.45            -0.67639           -0.331134
 16.5           -0.692582           -0.316422
16.55           -0.708032           -0.301467
 16.6           -0.722729           -0.286286
16.65           -0.736661            -0.27089
 16.7           -0.749818           -0.255293
16.75            -0.76219           -0.239507
 16.8           -0.773769           -0.223542
16.85           -0.784545            -0.20741
 16.9            -0.79451            -0.19112
16.95           -0.803657            -0.17468
   17           -0.811978           -0.158101
17.05           -0.819467           -0.141389
 17.1           -0.826117           -0.124554
17.15           -0.831922           -0.107601
 17.2           -0.836877          -0.0905398
17.25           -0.840976          -0.0733761
 17.3           -0.844214          -0.0561178
17.35           -0.846588          -0.0387719
 17.4           -0.848092          -0.0213461
17.45           -0.848722         -0.00384804
 17.5           -0.848476           0.0137142
17.55           -0.847351           0.0313321
 17.6           -0.845343           0.0489967
17.65           -0.842451           0.0666983
 17.7           -0.838673           0.0844267
17.75           -0.834009            0.102171
 17.8           -0.828456            0.119919
17.85           -0.822017            0.137658
 17.9           -0.814691            0.155374
17.95           -0.806479            0.173053
   18           -0.797385            0.190679
18.05           -0.787412            0.208235
 18.1           -0.776562            0.225703
18.15           -0.764841            0.243065
 18.2           -0.752255            0.260299
18.25           -0.738811            0.277386
 18.3           -0.724517            0.294302
18.35           -0.709381            0.311025
 18.4           -0.693414            0.327529
18.45           -0.676628             0.34379
 18.5           -0.659035            0.359782
18.55            -0.64065            0.375476
 18.6           -0.621488            0.390846
18.65           -0.601565            0.405864
 18.7           -0.580901              0.4205
18.75           -0.559515            0.434725
 18.8           -0.537429             0.44851
18.85           -0.514664            0.461826
 18.9           -0.491246            0.474644
18.95             -0.4672            0.486933
   19           -0.442553            0.498667
19.05           -0.417333            0.509818
 19.1           -0.391571            0.520357
19.15           -0.365297            0.530261
 19.2           -0.338545            0.539503
19.25           -0.311347            0.548061
 19.3           -0.283739            0.555914
19.35           -0.255756            0.563041
 19.4           -0.227435            0.569425
19.45           -0.198813            0.575049
 19.5            -0.16993            0.579901
19.55           -0.140823            0.583969
 19.6           -0.111533            0.587243
19.65          -0.0820989            0.589718
 19.7          -0.0525611             0.59139
19.75          -0.0229599            0.592256
 19.8          0.00666451            0.592318
19.85           0.0362719             0.59158
 19.9           0.0658225            0.590047
19.95           0.0952766            0.587727
   20            0.124595            0.584631
20.05             0.15374            0.580773
 20.1            0.182672            0.576165
20.15            0.211356            0.570826
 20.2            0.239755            0.564773
20.25            0.267834            0.558027
 20.3            0.295558            0.550608
20.35            0.322894            0.542539
 20.4            0.349812            0.533843
20.45            0.376279            0.524545
 20.5            0.402266            0.514669
20.55            0.427746            0.504241
 20.6             0.45269            0.493285
20.65            0.477074            0.481829
 20.7            0.500873            0.469896
20.75            0.524064            0.457512
 20.8            0.546624            0.444702
20.85            0.568534             0.43149
 20.9            0.589773              0.4179
20.95            0.610324            0.403954
   21            0.630169            0.389675
21.05            0.649291            0.375083
 21.1            0.667677            0.360199
21.15            0.685311            0.345042
 21.2            0.702181             0.32963
21.25            0.718274             0.31398
 21.3            0.733579            0.298108
21.35            0.748085             0.28203
 21.4            0.761782            0.265759
21.45            0.774661            0.249308
 21.5            0.786713             0.23269
21.55             0.79793            0.215917
 21.6            0.808304            0.198997
21.65             0.81783            0.181943
 21.7            0.826499            0.164761
21.75            0.834306            0.147463
 21.8            0.841245            0.130054
21.85            0.847311            0.112544
 21.9            0.852499            0.094939
21.95            0.856805           0.0772471
   22            0.860224           0.0594755
22.05            0.862753           0.0416311
 22.1            0.864387           0.0237214
22.15            0.865125          0.00575381
 22.2            0.864963          -0.0122638
22.25            0.863898          -0.0303233
 22.3             0.86193          -0.0484159
22.35            0.859057          -0.0665323
 22.4            0.855277          -0.0846627
22.45             0.85059           -0.102796
 22.5            0.844997           -0.120922
22.55            0.838498           -0.139026
 22.6            0.831095           -0.157097
22.65            0.822789           -0.175119
 22.7            0.813583           -0.193078
22.75            0.803481           -0.210956
 22.8            0.792487           -0.228736
22.85            0.780607             -0.2464
 22.9            0.767847           -0.263927
22.95            0.754215           -0.281296
   23            0.739718           -0.298485
23.05            0.724366           -0.315471
 23.1            0.708171            -0.33223
23.15            0.691143           -0.348735
 23.2            0.673297           -0.364962
23.25            0.654647           -0.380882
 23.3            0.635209           -0.396468
23.35               0.615           -0.411692
 23.4             0.59404           -0.426523
23.45            0.572348           -0.440934
 23.5            0.549946           -0.454895
23.55            0.526858           -0.468375
 23.6            0.503109           -0.481345
23.65            0.478724           -0.493776
 23.7            0.453731            -0.50564
23.75             0.42816           -0.516908
 23.8             0.40204           -0.527553
23.85            0.375404           -0.537549
 23.9            0.348285           -0.546871
23.95            0.320717           -0.555496
   24            0.292736           -0.563402
24.05            0.264377           -0.570569
 24.1            0.235679           -0.576979
24.15            0.206679           -0.582616
 24.2            0.177417           -0.587467
24.25            0.147932           -0.591519
 24.3            0.118265           -0.594766
24.35           0.0884559           -0.597199
 24.4           0.0585453           -0.598815
24.45           0.0285744           -0.599614
 24.5         -0.00141606           -0.599595
24.55          -0.0313852           -0.598765
 24.6          -0.0612925           -0.597128
24.65          -0.0910979           -0.594693
 24.7           -0.120762           -0.591473
24.75           -0.150245           -0.587479
 24.8            -0.17951           -0.582728
24.85           -0.208518           -0.577237
 24.9           -0.237233           -0.571025
24.95            -0.26562           -0.564113
   25           -0.293645           -0.556522
25.05           -0.321273           -0.548276
 25.1           -0.348472             -0.5394
25.15           -0.375213           -0.529918
 25.2           -0.401464           -0.519856
25.25           -0.427198            -0.50924
 25.3           -0.452388           -0.498096
25.35           -0.477008           -0.486451
 25.4           -0.501033           -0.474331
25.45           -0.524441           -0.461761
 25.5           -0.547209           -0.448767
25.55           -0.569318           -0.435374
 25.6           -0.590747           -0.421606
25.65           -0.611478           -0.407487
 25.7           -0.631495           -0.393038
25.75           -0.650782           -0.378282
 25.8           -0.669324            -0.36324
25.85           -0.687106           -0.347929
 25.9           -0.704117            -0.33237
25.95           -0.720343           -0.316579
   26           -0.735775           -0.300574
26.05           -0.750401           -0.284368
 26.1           -0.764211           -0.267976
26.15           -0.777198           -0.251411
 26.2           -0.789352           -0.234686
26.25           -0.800667           -0.217813
 26.3           -0.811134             -0.2008
26.35           -0.820747           -0.183659
 26.4             -0.8295           -0.166398
26.45           -0.837387           -0.149026
 26.5           -0.844402           -0.131551
26.55           -0.850542            -0.11398
 26.6             -0.8558          -0.0963207
26.65           -0.860174          -0.0785802
 26.7           -0.863658          -0.0607653
26.75            -0.86625          -0.0428831
 26.8           -0.867947          -0.0249404
26.85           -0.868744         -0.00694456
 26.9           -0.868641            0.011097
26.95           -0.867635           0.0291764
   27           -0.865723           0.0472852
27.05           -0.862906           0.0654146
 27.1           -0.859182           0.0835549
27.15           -0.854551            0.101696
 27.2           -0.849012            0.119826
27.25           -0.842568            0.137934
 27.3           -0.835219            0.156006
27.35           -0.826967            0.174029
 27.4           -0.817816            0.191987
27.45           -0.807769            0.209865
 27.5            -0.79683            0.227645
27.55           -0.785004            0.245308
 27.6           -0.772299            0.262835
27.65           -0.758721            0.280205
 27.7           -0.744278            0.297397
27.75           -0.728981            0.314388
 27.8           -0.712839            0.331153
27.85           -0.695866            0.347667
 27.9           -0.678073            0.363904
27.95           -0.659475            0.379839
   28           -0.640089            0.395442
28.05           -0.619931            0.410685
 28.1            -0.59902            0.425541
28.15           -0.577377            0.439979
 28.2           -0.555022             0.45397
28.25            -0.53198            0.467485
 28.3           -0.508274            0.480494
28.35           -0.483931            0.492968
 28.4           -0.458977            0.504879
28.45           -0.433443            0.516198
 28.5           -0.407357            0.526898
28.55           -0.380753            0.536952
 28.6           -0.353662            0.546337
28.65           -0.326119            0.555028
 28.7           -0.298159            0.563004
28.75           -0.269819            0.570244
 28.8           -0.241135             0.57673
28.85           -0.212146            0.582446
 28.9            -0.18289            0.587378
28.95           -0.153408            0.591515
   29           -0.123739            0.594847
29.05          -0.0939232            0.597369
 29.1           -0.064002            0.599075
29.15          -0.0340158            0.599964
 29.2         -0.00400556            0.600038
29.25            0.025988            0.599299
 29.3           0.0559244            0.597755
29.35           0.0857635            0.595413
 29.4            0.115466            0.592285
29.45            0.144992            0.588383
 29.5            0.174304            0.583723
29.55            0.203364            0.578322
 29.6            0.232136            0.572199
29.65            0.260584            0.565374
 29.7            0.288674             0.55787
29.75            0.316371            0.549708
 29.8            0.343644            0.540914
29.85            0.370463            0.531513
 29.9            0.396796            0.521529
29.95            0.422615            0.510989
   30            0.447895             0.49992
30.05            0.472607            0.488347
 30.1            0.496729            0.476297
30.15            0.520237            0.463795
 30.2            0.543109            0.450867
30.25            0.565324            0.437538
 30.3            0.586863            0.423833
30.35            0.607707            0.409774
 30.4             0.62784            0.395385
30.45            0.647246            0.380686
 30.5            0.665909              0.3657
30.55            0.683816            0.350444
 30.6            0.700953            0.334939
30.65            0.717309            0.319201
 30.7            0.732873            0.303247
30.75            0.747634            0.287092
 30.8            0.761582             0.27075
30.85            0.774709            0.254235
 30.9            0.787006            0.237559
30.95            0.798465            0.220734
   31            0.809079            0.203769
31.05            0.818842            0.186675
 31.1            0.827747            0.169462
31.15            0.835788            0.152137
 31.2             0.84296            0.134708
31.25            0.849259            0.117183
 31.3            0.854679           0.0995695
31.35            0.859216           0.0818742
 31.4            0.862866            0.064104
31.45            0.865626           0.0462658
 31.5            0.867493           0.0283664
31.55            0.868463           0.0104129
 31.6            0.868534         -0.00758738
31.65            0.867704          -0.0256267
 31.7            0.865971          -0.0436968
31.75            0.863335           -0.061789
 31.8            0.859793          -0.0798941
31.85            0.855345          -0.0980018
 31.9            0.849992           -0.116101
31.95            0.843735           -0.134181
   32            0.836574           -0.152228
32.05            0.828512           -0.170228
 32.1            0.819551           -0.188167
32.15            0.809695            -0.20603
 32.2            0.798949           -0.223798
32.25            0.787316           -0.241455
 32.3            0.774803            -0.25898
32.35            0.761418           -0.276353
 32.4            0.747168           -0.293553
32.45            0.732062           -0.310558
 32.5            0.716112           -0.327342
32.55            0.699328           -0.343883
 32.6            0.681724           -0.360153
32.65            0.663313           -0.376126
 32.7            0.644111           -0.391776
32.75            0.624135           -0.407073
 32.8            0.603404           -0.421989
32.85            0.581936           -0.436496
 32.9            0.559754           -0.450563
32.95             0.53688           -0.464161
   33            0.513338           -0.477262
33.05            0.489154           -0.489835
 33.1            0.464355           -0.501852
33.15            0.438969           -0.513285
 33.2            0.413026           -0.524107
33.25            0.386558           -0.534291
 33.3            0.359597           -0.543811
33.35            0.332177           -0.552645
 33.4            0.304332            -0.56077
33.45              0.2761           -0.568165
 33.5            0.247516           -0.574812
33.55            0.218619           -0.580693
 33.6            0.189447           -0.585796
33.65            0.160039           -0.590107
 33.7            0.130436           -0.593618
33.75            0.100677            -0.59632
 33.8           0.0708038            -0.59821
33.85           0.0408563           -0.599284
 33.9           0.0108754           -0.599544
33.95          -0.0190981           -0.598993
   34          -0.0490239           -0.597636
34.05          -0.0788617            -0.59548
 34.1           -0.108572           -0.592537
34.15           -0.138115           -0.588819
 34.2           -0.167454           -0.584341
34.25            -0.19655           -0.579119
 34.3           -0.225366           -0.573171
34.35           -0.253867           -0.566518
 34.4           -0.282018           -0.559181
34.45           -0.309785           -0.551184
 34.5           -0.337136           -0.542549
34.55            -0.36404           -0.533301
 34.6           -0.390466           -0.523467
34.65           -0.416386           -0.513071
 34.7           -0.441773            -0.50214
34.75             -0.4666             -0.4907
 34.8           -0.490843           -0.478777
34.85           -0.514478           -0.466397
 34.9           -0.537483           -0.453586
34.95           -0.559837           -0.440369
   35            -0.58152           -0.426769
35.05           -0.602513           -0.412812
 35.1           -0.622801           -0.398518
35.15           -0.642365           -0.383911
 35.2           -0.661192           -0.369011
35.25           -0.679266           -0.353837
 35.3           -0.696576            -0.33841
35.35           -0.713107           -0.322746
 35.4            -0.72885           -0.306861
35.45           -0.743794           -0.290773
 35.5           -0.757927           -0.274494
35.55           -0.771243           -0.258039
 35.6           -0.783731            -0.24142
35.65           -0.795385           -0.224648
 35.7           -0.806196           -0.207735
35.75           -0.816158            -0.19069
 35.8           -0.825265           -0.173523
35.85           -0.833511           -0.156242
 35.9           -0.840889           -0.138855
35.95           -0.847396            -0.12137
   36           -0.853026           -0.103795
36.05           -0.857776          -0.0861356
 36.1            -0.86164          -0.0683995
36.15           -0.864616          -0.0505934
 36.2           -0.866699          -0.0327241
36.25           -0.867888          -0.0147986
 36.3           -0.868179          0.00317568
36.35            -0.86757           0.0211913
 36.4            -0.86606             0.03924
36.45           -0.863646           0.0573135
 36.5           -0.860329           0.0754023
36.55           -0.856106           0.0934967
 36.6           -0.850979            0.111586
36.65           -0.844948            0.129659
 36.7           -0.838013            0.147702
36.75           -0.830177            0.165703
 36.8           -0.821443            0.183647
36.85           -0.811813            0.201518
 36.9           -0.801291              0.2193
36.95           -0.789883            0.236974
   37           -0.777594            0.254523
37.05           -0.764431            0.271925
 37.1           -0.750401             0.28916
37.15           -0.735514            0.306205
 37.2           -0.719781            0.323037
37.25           -0.703211            0.339631
 37.3           -0.685817            0.355962
37.35           -0.667615            0.372003
 37.4           -0.648617            0.387727
37.45           -0.628842            0.403107
 37.5           -0.608307            0.418113
37.55           -0.587031            0.432717
 37.6           -0.565035            0.446889
37.65           -0.542342            0.460601
 37.7           -0.518975            0.473822
37.75           -0.494959            0.486524
 37.8           -0.470322            0.498677
37.85           -0.445092            0.510254
 37.9           -0.419297            0.521226
37.95           -0.392969            0.531567
   38            -0.36614            0.541252
38.05           -0.338844            0.550257
 38.1           -0.311115            0.558558
38.15           -0.282988            0.566135
 38.2           -0.254501            0.572969
38.25           -0.225691            0.579043
 38.3           -0.196597            0.584341
38.35           -0.167257            0.588852
 38.4           -0.137712            0.592564
38.45           -0.108001             0.59547
 38.5          -0.0781647            0.597565
38.55          -0.0482443            0.598845
 38.6          -0.0182802            0.599311
38.65           0.0116868            0.598966
 38.7           0.0416164            0.597813
38.75           0.0714682            0.595861
 38.8            0.101202            0.593118
38.85             0.13078            0.589598
 38.9            0.160162            0.585314
38.95            0.189311            0.580281
   39             0.21819            0.574519
39.05            0.246763            0.568047
 39.1            0.274995            0.560886
39.15            0.302852            0.553058
 39.2            0.330301            0.544587
39.25            0.357311            0.535498
 39.3            0.383851            0.525815
39.35            0.409892            0.515565
 39.4            0.435407            0.504773
39.45            0.460369            0.493465
 39.5            0.484754            0.481669
39.55            0.508536            0.469409
 39.6            0.531695            0.456711
39.65            0.554207              0.4436
 39.7            0.576055            0.430102
39.75            0.597218            0.416239
 39.8            0.617679            0.402034
39.85            0.637421            0.387511
 39.9             0.65643            0.372689
39.95             0.67469            0.357589
   40            0.692189             0.34223
40.05            0.708913             0.32663
 40.1            0.724852            0.310806
40.15            0.739994            0.294773
 40.2            0.754329            0.278546
40.25            0.767848             0.26214
 40.3            0.780543            0.245566
40.35            0.792405            0.228837
 40.4            0.803426            0.211963
40.45            0.813601            0.194955
 40.5            0.822922            0.177822
40.55            0.831383            0.160574
 40.6            0.838979            0.143217
40.65            0.845705             0.12576
 40.7            0.851555             0.10821
40.75            0.856526           0.0905747
 40.8            0.860613           0.0728606
40.85            0.863812           0.0550745
 40.9             0.86612           0.0372234
40.95            0.867534           0.0193142
   41            0.868052           0.0013541
41.05             0.86767          -0.0166494
 41.1            0.866387          -0.0346883
41.15            0.864201          -0.0527542
 41.2            0.861111           -0.070838
41.25            0.857117          -0.0889301
 41.3            0.852218            -0.10702
41.35            0.846415           -0.125096
 41.4            0.839709           -0.143147
41.45              0.8321           -0.161158
 41.5            0.823593           -0.179116
41.55            0.814189           -0.197006
 41.6            0.803892           -0.214811
41.65            0.792708           -0.232513
 41.7            0.780641           -0.250094
41.75            0.767698           -0.267534
 41.8            0.753888           -0.284812
41.85            0.739217           -0.301907
 41.9            0.723697           -0.318793
41.95            0.707338           -0.335449
   42            0.690152           -0.351848
42.05            0.672153           -0.367963
 42.1            0.653356           -0.383769
42.15            0.633776           -0.399237
 42.2            0.613432            -0.41434
42.25            0.592342           -0.429047
 42.3            0.570527            -0.44333
42.35            0.548009            -0.45716
 42.4            0.524811           -0.470507
42.45            0.500958           -0.483342
 42.5            0.476477           -0.495635
42.55            0.451395           -0.507359
 42.6            0.425741           -0.518486
42.65            0.399546           -0.528988
 42.7            0.372842            -0.53884
42.75            0.345662           -0.548018
 42.8            0.318041           -0.556498
42.85            0.290013           -0.564259
 42.9            0.261615           -0.571282
42.95            0.232884           -0.577548
   43             0.20386           -0.583042
43.05             0.17458           -0.587752
 43.1            0.145085           -0.591666
43.15            0.115414           -0.594775
 43.2           0.0856071           -0.597075
43.25           0.0557061            -0.59856
 43.3           0.0257511           -0.599231
43.35         -0.00421706            -0.59909
 43.4          -0.0341579            -0.59814
43.45           -0.064031           -0.596388
 43.5          -0.0937967           -0.593844
43.55           -0.123415           -0.590518
 43.6           -0.152848           -0.586425
43.65           -0.182058           -0.581579
 43.7           -0.211006           -0.575999
43.75           -0.239658           -0.569704
 43.8           -0.267977           -0.562715
43.85           -0.295929           -0.555053
 43.9           -0.323482           -0.546742
43.95           -0.350604           -0.537806
   44           -0.377263           -0.528271
44.05           -0.403431           -0.518161
 44.1           -0.429079           -0.507504
44.15           -0.454181           -0.496324
 44.2           -0.478711           -0.484648
44.25           -0.502646           -0.472502
 44.3           -0.525962           -0.459913
44.35           -0.548637           -0.446904
 44.4           -0.570652           -0.433501
44.45           -0.591987           -0.419728
 44.5           -0.612625           -0.405608
44.55           -0.632548           -0.391163
 44.6           -0.651741           -0.376414
44.65           -0.670189           -0.361383
 44.7           -0.687879           -0.346087
44.75           -0.704798           -0.330546
 44.8           -0.720934           -0.314777
44.85           -0.736276           -0.298795
 44.9           -0.750813           -0.282616
44.95           -0.764537           -0.266253
   45           -0.777439            -0.24972
45.05           -0.789509           -0.233029
 45.1           -0.800741            -0.21619
45.15           -0.811128           -0.199215
 45.2           -0.820663           -0.182113
45.25            -0.82934           -0.164892
 45.3           -0.837152           -0.147561
45.35           -0.844096           -0.130128
 45.4           -0.850165           -0.112601
45.45           -0.855356          -0.0949858
 45.5           -0.859664          -0.0772903
45.55           -0.863085          -0.0595212
 45.6           -0.865616          -0.0416853
45.65           -0.867253          -0.0237895
 45.7           -0.867995         -0.00584092
45.75           -0.867837            0.012153
 45.8           -0.866779           0.0301843
45.85           -0.864819           0.0482448
 45.9           -0.861955           0.0663257
45.95           -0.858186           0.0844172
   46           -0.853513            0.102509
46.05           -0.847935            0.120591
 46.1           -0.841454            0.138649
46.15            -0.83407            0.156672
 46.2           -0.825787            0.174646
46.25           -0.816606            0.192555
 46.3           -0.806531            0.210383
46.35           -0.795568            0.228113
 46.4            -0.78372            0.245727
46.45           -0.770995            0.263205
 46.5             -0.7574            0.280526
46.55           -0.742942            0.297669
 46.6           -0.727633             0.31461
46.65           -0.711481            0.331326
 46.7             -0.6945            0.347792
46.75           -0.676702            0.363981
 46.8           -0.658102            0.379867
46.85           -0.638715            0.395423
 46.9            -0.61856            0.410619
46.95           -0.597654            0.425428
   47           -0.576017             0.43982
47.05           -0.553672            0.453766
 47.1            -0.53064            0.467237
47.15           -0.506948            0.480202
 47.2            -0.48262            0.492634
47.25           -0.457684            0.504502
 47.3            -0.43217            0.515781
47.35           -0.406106            0.526441
 47.4           -0.379526            0.536458
47.45           -0.352461            0.545806
 47.5           -0.324945            0.554462
47.55           -0.297014            0.562404
 47.6           -0.268705            0.569612
47.65           -0.240053            0.576068
 47.7           -0.211098            0.581756
47.75           -0.181878            0.586663
 47.8           -0.152432            0.590775
47.85             -0.1228            0.594086
 47.9          -0.0930231            0.596587
47.95          -0.0631413            0.598275
   48          -0.0331955            0.599149
48.05         -0.00322644            0.599209
 48.1           0.0267254             0.59846
48.15           0.0566195            0.596907
 48.2            0.086416            0.594558
48.25            0.116075            0.591425
 48.3            0.145559            0.587521
48.35            0.174827            0.582861
 48.4            0.203845            0.577462
48.45            0.232574            0.571343
 48.5            0.260979            0.564524
48.55            0.289026            0.557027
 48.6            0.316682            0.548875
48.65            0.343914            0.540092
 48.7            0.370691            0.530703
48.75            0.396984            0.520733
 48.8            0.422764            0.510209
48.85            0.448005            0.499156
 48.9             0.47268            0.487601
48.95            0.496765            0.475569
   49            0.520237            0.463087
49.05            0.543073            0.450179
 49.1            0.565255            0.436872
49.15            0.586761            0.423188
 49.2            0.607573            0.409152
49.25            0.627676            0.394785
 49.3            0.647052            0.380109
49.35            0.665687            0.365146
 49.4            0.683566            0.349914
49.45            0.700678            0.334432
 49.5             0.71701            0.318717
49.55             0.73255            0.302786
 49.6            0.747288            0.286654
49.65            0.761215            0.270335
 49.7            0.774322            0.253843
49.75            0.786599            0.237189
 49.8            0.798041            0.220386
49.85            0.808638            0.203443
 49.9            0.818385            0.186371
49.95            0.827275            0.169178
   50            0.835303            0.151874
