 0.05           0.0123438            0.243934
  0.1           0.0243934            0.238238
 0.15           0.0361675            0.232915
  0.2           0.0476849            0.227968
 0.25           0.0589643            0.223396
  0.3           0.0700245            0.219199
 0.35           0.0808842            0.215371
  0.4           0.0915617            0.211909
 0.45            0.102075            0.208804
  0.5            0.112442             0.20605
 0.55             0.12268            0.203636
  0.6            0.132806             0.20155
 0.65            0.142835            0.199781
  0.7            0.152784            0.198314
 0.75            0.162666            0.197134
  0.8            0.172497            0.196225
 0.85            0.182289             0.19557
  0.9            0.192054             0.19515
 0.95            0.201804            0.194947
    1            0.211549            0.194941
 1.05            0.221298            0.195111
  1.1             0.23106            0.195436
 1.15            0.240842            0.195895
  1.2            0.250649            0.196465
 1.25            0.260488            0.197125
  1.3            0.270362            0.197851
 1.35            0.280273            0.198622
  1.4            0.290224            0.199413
 1.45            0.300215            0.200203
  1.5            0.310244            0.200969
 1.55            0.320312            0.201688
  1.6            0.330413            0.202338
 1.65            0.340545            0.202897
  1.7            0.350703            0.203342
 1.75             0.36088            0.203655
  1.8            0.371068            0.203812
 1.85            0.381261            0.203795
  1.9            0.391448            0.203584
 1.95            0.401619            0.203159
    2            0.411764            0.202504
 2.05             0.42187              0.2016
  2.1            0.431924            0.200431
 2.15            0.441913            0.198981
  2.2            0.451822            0.197236
 2.25            0.461636            0.195181
  2.3             0.47134            0.192804
 2.35            0.480917            0.190092
  2.4            0.490349            0.187035
 2.45             0.49962            0.183621
  2.5            0.508711            0.179842
 2.55            0.517604             0.17569
  2.6             0.52628            0.171158
 2.65             0.53472            0.166238
  2.7            0.542904            0.160927
 2.75            0.550813             0.15522
  2.8            0.558426            0.149114
 2.85            0.565724            0.142606
  2.9            0.572687            0.135695
 2.95            0.579294            0.128382
    3            0.585525            0.120667
 3.05             0.59136            0.112551
  3.1             0.59678            0.104038
 3.15            0.601764           0.0951307
  3.2            0.606293           0.0858345
 3.25            0.610348           0.0761548
  3.3            0.613909           0.0660981
 3.35            0.616957            0.055672
  3.4            0.619476           0.0448851
 3.45            0.621446           0.0337467
  3.5             0.62285           0.0222673
 3.55            0.623673           0.0104583
  3.6            0.623896         -0.00166807
 3.65            0.623506          -0.0140985
  3.7            0.622486          -0.0268186
 3.75            0.620824          -0.0398134
  3.8            0.618505          -0.0530666
 3.85            0.615517           -0.066561
  3.9            0.611849          -0.0802787
 3.95            0.607489          -0.0942005
    4            0.602429           -0.108306
 4.05            0.596659           -0.122575
  4.1            0.590171           -0.136986
 4.15             0.58296           -0.151514
  4.2             0.57502           -0.166137
 4.25            0.566346            -0.18083
  4.3            0.556937           -0.195568
 4.35             0.54679           -0.210324
  4.4            0.535905            -0.22507
 4.45            0.524283            -0.23978
  4.5            0.511926           -0.254424
 4.55             0.49884           -0.268974
  4.6            0.485029           -0.283399
 4.65              0.4705           -0.297669
  4.7            0.455262           -0.311754
 4.75            0.439325           -0.325623
  4.8              0.4227           -0.339244
 4.85              0.4054           -0.352586
  4.9            0.387441           -0.365618
 4.95            0.368839           -0.378309
    5             0.34961           -0.390628
 5.05            0.329776           -0.402544
  5.1            0.309356           -0.414028
 5.15            0.288373            -0.42505
  5.2            0.266851           -0.435582
 5.25            0.244815           -0.445596
  5.3            0.222291           -0.455066
 5.35            0.199308           -0.463967
  5.4            0.175895           -0.472275
 5.45            0.152081           -0.479967
  5.5            0.127898           -0.487024
 5.55            0.103378           -0.493426
  5.6           0.0785553           -0.499156
 5.65           0.0534628           -0.504199
  5.7           0.0281355           -0.508541
 5.75          0.00260866           -0.512173
  5.8          -0.0230818           -0.515084
 5.85          -0.0488997           -0.517267
  5.9          -0.0748085           -0.518719
 5.95           -0.100772           -0.519435
    6           -0.126752           -0.519417
 6.05           -0.152713           -0.518665
  6.1           -0.178619           -0.517182
 6.15           -0.204431           -0.514975
  6.2           -0.230116            -0.51205
 6.25           -0.255636           -0.508417
  6.3           -0.280958           -0.504087
 6.35           -0.306045           -0.499071
  6.4           -0.330865           -0.493383
 6.45           -0.355383           -0.487038
  6.5           -0.379569           -0.480053
 6.55           -0.403389           -0.472443
  6.6           -0.426813           -0.464227
 6.65           -0.449811           -0.455424
  6.7           -0.472355           -0.446052
 6.75           -0.494417           -0.436131
  6.8           -0.515968            -0.42568
 6.85           -0.536985            -0.41472
  6.9            -0.55744           -0.403269
 6.95           -0.577312           -0.391349
    7           -0.596575           -0.378978
 7.05           -0.615209           -0.366176
  7.1           -0.633193           -0.352962
 7.15           -0.650506           -0.339354
  7.2           -0.667128           -0.325371
 7.25           -0.683043           -0.311029
  7.3           -0.698231           -0.296347
 7.35           -0.712677            -0.28134
  7.4           -0.726365           -0.266024
 7.45            -0.73928           -0.250415
  7.5           -0.751407           -0.234527
 7.55           -0.762732           -0.218375
  7.6           -0.773244           -0.201972
 7.65            -0.78293           -0.185332
  7.7           -0.791777           -0.168467
 7.75           -0.799776           -0.151389
  7.8           -0.806916           -0.134112
 7.85           -0.813187           -0.116647
  7.9           -0.818581          -0.0990049
 7.95           -0.823088          -0.0811986
    8           -0.826701          -0.0632393
 8.05           -0.829412          -0.0451389
  8.1           -0.831215          -0.0269093
 8.15           -0.832103          -0.0085628
  8.2           -0.832071          0.00988818
 8.25           -0.831114           0.0284306
  8.3           -0.829228            0.047051
 8.35           -0.826409           0.0657353
  8.4           -0.822654           0.0844688
 8.45           -0.817962            0.103236
  8.5           -0.812331            0.122021
 8.55            -0.80576            0.140806
  8.6            -0.79825            0.159573
 8.65           -0.789803            0.178303
  8.7            -0.78042            0.196976
 8.75           -0.770105            0.215571
  8.8           -0.758863            0.234065
 8.85           -0.746699            0.252436
  8.9           -0.733619            0.270659
 8.95           -0.719633            0.288709
    9           -0.704748            0.306558
 9.05           -0.688977             0.32418
  9.1            -0.67233            0.341546
 9.15           -0.654822            0.358628
  9.2           -0.636468            0.375393
 9.25           -0.617283            0.391814
  9.3           -0.597286            0.407856
 9.35           -0.576497             0.42349
  9.4           -0.554937            0.438683
 9.45           -0.532629            0.453403
  9.5           -0.509597            0.467618
 9.55           -0.485867            0.481295
  9.6           -0.461467            0.494404
 9.65           -0.436427            0.506914
  9.7           -0.410776            0.518793
 9.75           -0.384547            0.530014
  9.8           -0.357775            0.540549
 9.85           -0.330492            0.550371
  9.9           -0.302737            0.559454
 9.95           -0.274547            0.567777
   10            -0.24596            0.575318
10.05           -0.217015            0.582059
 10.1           -0.187754            0.587982
10.15           -0.158217            0.593073
 10.2           -0.128447            0.597322
10.25          -0.0984848            0.600719
 10.3          -0.0683747            0.603257
10.35          -0.0381591            0.604933
 10.4         -0.00788133            0.605747
10.45           0.0224156            0.605701
 10.5           0.0526888            0.604799
10.55           0.0828955            0.603048
 10.6            0.112994            0.600459
10.65            0.142941            0.597044
 10.7            0.172698            0.592818
10.75            0.202223            0.587797
 10.8            0.231478            0.582001
10.85            0.260423             0.57545
 10.9            0.289023            0.568166
10.95             0.31724            0.560174
   11             0.34504            0.551497
11.05             0.37239            0.542163
 11.1            0.399256            0.532198
11.15             0.42561            0.521629
 11.2            0.451419            0.510484
11.25            0.476658            0.498791
 11.3            0.501299            0.486577
11.35            0.525316            0.473871
 11.4            0.548686            0.460699
11.45            0.571386            0.447089
 11.5            0.593394            0.433066
11.55            0.614692            0.418655
 11.6             0.63526            0.403883
11.65             0.65508            0.388771
 11.7            0.674137            0.373342
11.75            0.692415            0.357619
 11.8            0.709899            0.341621
11.85            0.726577            0.325367
 11.9            0.742436            0.308877
11.95            0.757464            0.292166
   12            0.771652            0.275251
12.05             0.78499            0.258147
 12.1            0.797467            0.240867
12.15            0.809076            0.223424
 12.2            0.819809            0.205831
12.25            0.829659            0.188098
 12.3            0.838619            0.170236
12.35            0.846683            0.152255
 12.4            0.853845            0.134164
12.45            0.860099            0.115973
 12.5            0.865442           0.0976879
12.55            0.869868           0.0793187
 12.6            0.873374           0.0608731
12.65            0.875955            0.042359
 12.7             0.87761           0.0237845
12.75            0.878334          0.00515791
 12.8            0.878126          -0.0135123
12.85            0.876983          -0.0322172
 12.9            0.874904          -0.0509475
12.95            0.871888           -0.069693
   13            0.867934          -0.0884433
13.05            0.863044           -0.107187
 13.1            0.857216           -0.125912
13.15            0.850452           -0.144604
 13.2            0.842755           -0.163251
13.25            0.834127           -0.181836
 13.3            0.824572           -0.200344
13.35            0.814093           -0.218756
 13.4            0.802696           -0.237056
13.45            0.790387           -0.255222
 13.5            0.777174           -0.273234
13.55            0.763064           -0.291069
 13.6            0.748067           -0.308706
13.65            0.732193           -0.326119
 13.7            0.715455           -0.343282
13.75            0.697865            -0.36017
 13.8            0.679438           -0.376756
13.85             0.66019           -0.393009
 13.9            0.640137           -0.408903
13.95            0.619299           -0.424407
   14            0.597696           -0.439491
14.05             0.57535           -0.454126
 14.1            0.552284           -0.468279
14.15            0.528522           -0.481921
 14.2            0.504092           -0.495021
14.25             0.47902            -0.50755
 14.3            0.453337           -0.519478
14.35            0.427072           -0.530776
 14.4            0.400259           -0.541417
14.45            0.372931           -0.551374
 14.5            0.345122           -0.560623
14.55            0.316868            -0.56914
 14.6            0.288208           -0.576903
14.65            0.259178           -0.583893
 14.7            0.229819           -0.590092
14.75            0.200169           -0.595485
 14.8             0.17027            -0.60006
14.85            0.140163           -0.603805
 14.9             0.10989           -0.606714
14.95           0.0794916            -0.60878
   15           0.0490115           -0.610003
15.05           0.0184914           -0.610381
 15.1          -0.0120266           -0.609919
15.15          -0.0425005           -0.608622
 15.2          -0.0728888           -0.606497
15.25            -0.10315           -0.603557
 15.3           -0.133244           -0.599814
15.35           -0.163132           -0.595283
 15.4           -0.192773           -0.589983
15.45            -0.22213           -0.583931
 15.5           -0.251166           -0.577151
15.55           -0.279845           -0.569663
 15.6           -0.308132           -0.561493
15.65           -0.335994           -0.552665
 15.7           -0.363399           -0.543205
15.75           -0.390315            -0.53314
 15.8           -0.416713           -0.522498
15.85           -0.442565           -0.511307
 15.9           -0.467843           -0.499592
15.95           -0.492524           -0.487383
   16           -0.516582           -0.474707
16.05           -0.539994            -0.46159
 16.1           -0.562741           -0.448059
16.15             -0.5848            -0.43414
 16.2           -0.606155           -0.419857
16.25           -0.626786           -0.405234
 16.3           -0.646678           -0.390295
16.35           -0.665816           -0.375061
 16.4           -0.684184           -0.359554
16.45           -0.701771           -0.343792
 16.5           -0.718563           -0.327795
16.55            -0.73455            -0.31158
 16.6           -0.749721           -0.295163
16.65           -0.764067           -0.278559
 16.7           -0.777577           -0.261783
16.75           -0.790245           -0.244847
 16.8           -0.802062           -0.227764
16.85           -0.813021           -0.210544
 16.9           -0.823117           -0.193198
16.95           -0.832341           -0.175736
   17            -0.84069           -0.158166
17.05           -0.848158           -0.140496
 17.1            -0.85474           -0.122735
17.15           -0.860431            -0.10489
 17.2           -0.865229          -0.0869669
17.25           -0.869128           -0.068974
 17.3           -0.872126          -0.0509176
17.35            -0.87422          -0.0328047
 17.4           -0.875407          -0.0146421
17.45           -0.875684          0.00356274
 17.5            -0.87505           0.0218024
17.55           -0.873504           0.0400689
 17.6           -0.871043           0.0583538
17.65           -0.867668           0.0766478
 17.7           -0.863379           0.0949411
17.75           -0.858174            0.113223
 17.8           -0.852056            0.131483
17.85           -0.845026            0.149707
 17.9           -0.837086            0.167882
17.95           -0.828238            0.185995
   18           -0.818486            0.204029
18.05           -0.807835            0.221967
 18.1           -0.796289            0.239793
18.15           -0.783856            0.257486
 18.2           -0.770541            0.275027
18.25           -0.756353            0.292395
 18.3           -0.741301            0.309566
18.35           -0.725396            0.326518
 18.4            -0.70865            0.343225
18.45           -0.691074            0.359662
 18.5           -0.672683            0.375803
18.55           -0.653494             0.39162
 18.6           -0.633521            0.407086
18.65           -0.612785             0.42217
 18.7           -0.591304            0.436845
18.75           -0.569101            0.451081
 18.8           -0.546196            0.464847
18.85           -0.522616            0.478116
 18.9           -0.498385            0.490857
18.95            -0.47353            0.503041
   19           -0.448081            0.514639
19.05           -0.422066            0.525625
 19.1           -0.395518            0.535971
19.15           -0.368469            0.545652
 19.2           -0.340953            0.554644
19.25           -0.313005            0.562923
 19.3           -0.284661            0.570469
19.35           -0.255958            0.577264
 19.4           -0.226934            0.583289
19.45           -0.197629            0.588531
 19.5           -0.168081            0.592976
19.55           -0.138331            0.596615
 19.6            -0.10842             0.59944
19.65          -0.0783873            0.601446
 19.7          -0.0482751            0.602631
19.75          -0.0181242            0.602995
 19.8           0.0120244             0.60254
19.85           0.0421298            0.601272
 19.9           0.0721516            0.599199
19.95             0.10205            0.596331
   20            0.131785            0.592681
20.05            0.161318            0.588262
 20.1            0.190611            0.583093
20.15            0.219627             0.57719
 20.2             0.24833            0.570575
20.25            0.276685             0.56327
 20.3            0.304657            0.555296
20.35            0.332214            0.546679
 20.4            0.359325            0.537443
20.45            0.385958            0.527613
 20.5            0.412086            0.517217
20.55             0.43768            0.506281
 20.6            0.462714             0.49483
20.65            0.487163            0.482893
 20.7            0.511004            0.470494
20.75            0.534213             0.45766
 20.8             0.55677            0.444417
20.85            0.578654            0.430789
 20.9            0.599848              0.4168
20.95            0.620334            0.402473
   21            0.640096            0.387832
21.05            0.659118            0.372895
 21.1            0.677385            0.357685
21.15            0.694886             0.34222
 21.2            0.711607            0.326519
21.25            0.727538            0.310597
 21.3            0.742667            0.294471
21.35            0.756985            0.278157
 21.4            0.770483            0.261666
21.45            0.783152            0.245012
 21.5            0.794984            0.228208
21.55            0.805972            0.211263
 21.6             0.81611            0.194188
21.65            0.825391            0.176992
 21.7             0.83381            0.159685
21.75             0.84136            0.142273
 21.8            0.848037            0.124764
21.85            0.853836            0.107167
 21.9            0.858754           0.0894875
21.95            0.862785           0.0717327
   22            0.865927           0.0539093
22.05            0.868176            0.036024
 22.1            0.869529           0.0180837
22.15            0.869984         9.56058e-05
 22.2            0.869539           -0.017933
22.25            0.868191          -0.0359942
 22.3            0.865939          -0.0540798
22.35            0.862783          -0.0721806
 22.4            0.858721          -0.0902872
22.45            0.853754           -0.108389
 22.5            0.847882           -0.126475
22.55            0.841107           -0.144533
 22.6            0.833429           -0.162549
22.65            0.824852            -0.18051
 22.7            0.815378           -0.198401
22.75            0.805012           -0.216204
 22.8            0.793758           -0.233903
22.85            0.781621           -0.251479
 22.9             0.76861           -0.268911
22.95             0.75473            -0.28618
   23            0.739992           -0.303263
23.05            0.724404           -0.320137
 23.1            0.707978           -0.336778
23.15            0.690726           -0.353159
 23.2            0.672662           -0.369256
23.25            0.653801           -0.385042
 23.3            0.634158           -0.400488
23.35            0.613752           -0.415566
 23.4            0.592601           -0.430247
23.45            0.570727           -0.444503
 23.5            0.548151           -0.458304
23.55            0.524897            -0.47162
 23.6            0.500989           -0.484423
23.65            0.476454           -0.496682
 23.7            0.451321           -0.508371
23.75            0.425617           -0.519461
 23.8            0.399375           -0.529925
23.85            0.372625           -0.539738
 23.9            0.345401           -0.548876
23.95            0.317737           -0.557314
   24            0.289669           -0.565033
24.05            0.261234           -0.572012
 24.1            0.232468           -0.578234
24.15            0.203411           -0.583684
 24.2              0.1741           -0.588349
24.25            0.144576           -0.592217
 24.3            0.114878           -0.595281
24.35           0.0850476           -0.597534
 24.4           0.0551247           -0.598974
24.45           0.0251502             -0.5996
 24.5          -0.0048353           -0.599413
24.55          -0.0347912           -0.598418
 24.6          -0.0646771           -0.596622
24.65          -0.0944534           -0.594035
 24.7           -0.124081           -0.590666
24.75            -0.15352           -0.586532
 24.8           -0.182734           -0.581646
24.85           -0.211685           -0.576027
 24.9           -0.240336           -0.569694
24.95           -0.268654           -0.562667
   25           -0.296603            -0.55497
25.05           -0.324151           -0.546626
 25.1           -0.351266           -0.537658
25.15           -0.377917           -0.528092
 25.2           -0.404075           -0.517954
25.25           -0.429712           -0.507269
 25.3           -0.454802           -0.496064
25.35           -0.479319           -0.484365
 25.4           -0.503238           -0.472197
25.45           -0.526538           -0.459588
 25.5           -0.549197           -0.446561
25.55           -0.571194           -0.433141
 25.6           -0.592511           -0.419354
25.65            -0.61313            -0.40522
 25.7           -0.633033           -0.390764
25.75           -0.652206           -0.376005
 25.8           -0.670634           -0.360965
25.85           -0.688303           -0.345663
 25.9             -0.7052           -0.330117
25.95           -0.721314           -0.314343
   26           -0.736634           -0.298359
26.05            -0.75115           -0.282178
 26.1           -0.764852           -0.265816
26.15           -0.777732           -0.249284
 26.2           -0.789781           -0.232594
26.25           -0.800991           -0.215759
 26.3           -0.811357           -0.198788
26.35            -0.82087           -0.181691
 26.4           -0.829526           -0.164476
26.45           -0.837318           -0.147152
 26.5           -0.844241           -0.129727
26.55            -0.85029           -0.112208
 26.6           -0.855462          -0.0946019
26.65           -0.859751          -0.0769162
 26.7           -0.863153          -0.0591573
26.75           -0.865666          -0.0413322
 26.8           -0.867286          -0.0234477
26.85           -0.868011         -0.00551095
 26.9           -0.867838           0.0124707
26.95           -0.866764           0.0304894
   27           -0.864789           0.0485369
27.05            -0.86191           0.0666044
 27.1           -0.858128           0.0846824
27.15           -0.853442             0.10276
 27.2           -0.847852            0.120828
27.25           -0.841359            0.138872
 27.3           -0.833965             0.15688
27.35           -0.825671            0.174839
 27.4           -0.816481            0.192733
27.45           -0.806398            0.210546
 27.5           -0.795426            0.228261
27.55           -0.783572             0.24586
 27.6            -0.77084            0.263323
27.65            -0.75724            0.280629
 27.7           -0.742777            0.297757
27.75           -0.727464            0.314683
 27.8           -0.711309            0.331384
27.85           -0.694325            0.347835
 27.9           -0.676526            0.364009
27.95           -0.657925            0.379881
   28           -0.638538            0.395422
28.05           -0.618382            0.410604
 28.1           -0.597477            0.425399
28.15           -0.575842            0.439777
 28.2             -0.5535             0.45371
28.25           -0.530472            0.467167
 28.3           -0.506783             0.48012
28.35            -0.48246            0.492539
 28.4           -0.457529            0.504396
28.45            -0.43202            0.515662
 28.5           -0.405963            0.526312
28.55           -0.379389            0.536318
 28.6           -0.352331            0.545657
28.65           -0.324823            0.554303
 28.7           -0.296901            0.562237
28.75           -0.268599            0.569437
 28.8           -0.239957            0.575886
28.85           -0.211011            0.581567
 28.9             -0.1818            0.586467
28.95           -0.152364            0.590574
   29           -0.122743             0.59388
29.05          -0.0929762            0.596378
 29.1           -0.063105            0.598063
29.15          -0.0331699            0.598934
 29.2          -0.0032116            0.598993
29.25           0.0267294            0.598242
 29.3           0.0566126            0.596689
29.35           0.0863982            0.594341
 29.4            0.116047            0.591209
29.45            0.145519            0.587307
 29.5            0.174777            0.582649
29.55            0.203784            0.577253
 29.6            0.232503            0.571137
29.65            0.260898            0.564322
 29.7            0.288935             0.55683
29.75            0.316581            0.548683
 29.8            0.343803            0.539906
29.85            0.370571            0.530523
 29.9            0.396855             0.52056
29.95            0.422627            0.510043
   30             0.44786            0.498997
30.05            0.472527            0.487449
 30.1            0.496605            0.475426
30.15             0.52007            0.462952
 30.2              0.5429            0.450053
30.25            0.565075            0.436754
 30.3            0.586575            0.423079
30.35            0.607383            0.409051
 30.4             0.62748            0.394693
30.45            0.646852            0.380027
 30.5            0.665483            0.365073
30.55            0.683359             0.34985
 30.6            0.700468            0.334377
30.65            0.716797            0.318671
 30.7            0.732335             0.30275
30.75            0.747072            0.286627
 30.8            0.760998            0.270317
30.85            0.774104            0.253834
 30.9            0.786381             0.23719
30.95            0.797823            0.220395
   31            0.808421            0.203462
31.05            0.818169            0.186398
 31.1            0.827061            0.169214
31.15             0.83509            0.151918
 31.2            0.842252            0.134518
31.25            0.848542            0.117021
 31.3            0.853955           0.0994351
31.35            0.858486           0.0817666
 31.4            0.862131           0.0640227
31.45            0.864888             0.04621
 31.5            0.866752           0.0283357
31.55            0.867721           0.0104066
 31.6            0.867793         -0.00756986
31.65            0.866964          -0.0255859
 31.7            0.865234          -0.0436334
31.75            0.862601          -0.0617037
 31.8            0.859064          -0.0797873
31.85            0.854622          -0.0978742
 31.9            0.849276           -0.115953
31.95            0.843027           -0.134013
   32            0.835875           -0.152041
32.05            0.827823           -0.170023
 32.1            0.818873           -0.187944
32.15            0.809028           -0.205789
 32.2            0.798294           -0.223541
32.25            0.786674           -0.241181
 32.3            0.774176           -0.258691
32.35            0.760805            -0.27605
 32.4            0.746571           -0.293236
32.45            0.731482           -0.310226
 32.5            0.715548           -0.326998
32.55            0.698782           -0.343526
 32.6            0.681196           -0.359785
32.65            0.662803           -0.375747
 32.7            0.643621           -0.391386
32.75            0.623665           -0.406674
 32.8            0.602953           -0.421581
32.85            0.581507            -0.43608
 32.9            0.559345            -0.45014
32.95            0.536493           -0.463732
   33            0.512972           -0.476827
33.05             0.48881           -0.489396
 33.1            0.464033           -0.501409
33.15            0.438669            -0.51284
 33.2            0.412749           -0.523659
33.25            0.386303           -0.533842
 33.3            0.359365           -0.543362
33.35            0.331967           -0.552197
 33.4            0.304145           -0.560323
33.45            0.275934           -0.567721
 33.5            0.247373           -0.574371
33.55            0.218497           -0.580258
 33.6            0.189347           -0.585366
33.65            0.159961           -0.589684
 33.7            0.130379           -0.593201
33.75            0.100641           -0.595911
 33.8           0.0707875            -0.59781
33.85           0.0408597           -0.598894
 33.9           0.0108981           -0.599164
33.95          -0.0190567           -0.598624
   34          -0.0489643           -0.597278
34.05          -0.0787845           -0.595135
 34.1           -0.108478           -0.592205
34.15           -0.138005             -0.5885
 34.2           -0.167328           -0.584035
34.25           -0.196409           -0.578827
 34.3            -0.22521           -0.572894
34.35           -0.253698           -0.566255
 34.4           -0.281836           -0.558933
34.45           -0.309591           -0.550951
 34.5           -0.336931           -0.542331
34.55           -0.363824           -0.533098
 34.6           -0.390241           -0.523279
34.65           -0.416152           -0.512898
 34.7           -0.441531           -0.501982
34.75            -0.46635           -0.490557
 34.8           -0.490586           -0.478649
34.85           -0.514215           -0.466283
 34.9           -0.537215           -0.453487
34.95           -0.559564           -0.440283
   35           -0.581243           -0.426697
35.05           -0.602234           -0.412753
 35.1           -0.622518           -0.398472
35.15           -0.642081           -0.383877
 35.2           -0.660906           -0.368989
35.25            -0.67898           -0.353827
 35.3           -0.696289           -0.338411
35.35           -0.712821           -0.322757
 35.4           -0.728564           -0.306883
35.45           -0.743509           -0.290805
 35.5           -0.757645           -0.274535
35.55           -0.770963           -0.258089
 35.6           -0.783454           -0.241479
35.65           -0.795111           -0.224715
 35.7           -0.805925            -0.20781
35.75           -0.815891           -0.190772
 35.8           -0.825003           -0.173612
35.85           -0.833253           -0.156337
 35.9           -0.840636           -0.138957
35.95           -0.847148           -0.121478
   36           -0.852784           -0.103908
36.05           -0.857539          -0.0862533
 36.1           -0.861409          -0.0685218
36.15           -0.864391          -0.0507199
 36.2           -0.866481          -0.0328546
36.25           -0.867677          -0.0149327
 36.3           -0.867975          0.00303824
36.35           -0.867373           0.0210508
 36.4            -0.86587           0.0390968
36.45           -0.863463           0.0571678
 36.5           -0.860153           0.0752545
36.55           -0.855938            0.093347
 36.6           -0.850818            0.111435
36.65           -0.844794            0.129506
 36.7           -0.837868            0.147548
36.75            -0.83004            0.165548
 36.8           -0.821313            0.183491
36.85            -0.81169            0.201362
 36.9           -0.801177            0.219143
36.95           -0.789776            0.236818
   37           -0.777495            0.254367
37.05           -0.764339             0.27177
 37.1           -0.750318            0.289006
37.15           -0.735439            0.306052
 37.2           -0.719713            0.322885
37.25            -0.70315             0.33948
 37.3           -0.685765            0.355812
37.35           -0.667569            0.371855
 37.4           -0.648579            0.387581
37.45           -0.628811            0.402963
 37.5           -0.608283            0.417972
37.55           -0.587014            0.432578
 37.6           -0.565025            0.446753
37.65           -0.542338            0.460468
 37.7           -0.518978            0.473693
37.75           -0.494969            0.486398
 37.8           -0.470338            0.498555
37.85           -0.445114            0.510135
 37.9           -0.419325            0.521112
37.95           -0.393003            0.531457
   38           -0.366179            0.541147
38.05           -0.338888            0.550156
 38.1           -0.311164            0.558462
38.15           -0.283042            0.566044
 38.2           -0.254559            0.572883
38.25           -0.225753            0.578961
 38.3           -0.196663            0.584265
38.35           -0.167327             0.58878
 38.4           -0.137785            0.592498
38.45           -0.108077            0.595409
 38.5          -0.0782441            0.597509
38.55          -0.0483263            0.598795
 38.6          -0.0183646            0.599267
38.65           0.0116003            0.598926
 38.7            0.041528            0.597779
38.75           0.0713782            0.595832
 38.8            0.101111            0.593095
38.85            0.130688            0.589579
 38.9            0.160069              0.5853
38.95            0.189218            0.580273
   39            0.218096            0.574515
39.05            0.246669            0.568048
 39.1            0.274901            0.560891
39.15            0.302758            0.553068
 39.2            0.330208            0.544601
39.25            0.357218            0.535516
 39.3            0.383759            0.525837
39.35            0.409802             0.51559
 39.4            0.435318            0.504801
39.45            0.460282            0.493497
 39.5            0.484668            0.481703
39.55            0.508452            0.469446
 39.6            0.531613            0.456751
39.65            0.554128            0.443643
 39.7            0.575977            0.430146
39.75            0.597142            0.416285
 39.8            0.617606            0.402083
39.85             0.63735            0.387561
 39.9            0.656362            0.372741
39.95            0.674625            0.357642
   40            0.692126            0.342284
40.05            0.708853            0.326685
 40.1            0.724794            0.310862
40.15            0.739939            0.294829
 40.2            0.754277            0.278603
40.25              0.7678            0.262197
 40.3            0.780497            0.245624
40.35            0.792362            0.228895
 40.4            0.803387            0.212021
40.45            0.813564            0.195013
 40.5            0.822888             0.17788
40.55            0.831352            0.160631
 40.6            0.838951            0.143274
40.65            0.845679            0.125816
 40.7            0.851532            0.108266
40.75            0.856506           0.0906297
 40.8            0.860595           0.0729148
40.85            0.863797            0.055128
 40.9            0.866108           0.0372759
40.95            0.867525           0.0193658
   41            0.868045          0.00140465
41.05            0.867665          -0.0165999
 41.1            0.866385          -0.0346399
41.15            0.864201           -0.052707
 41.2            0.861114          -0.0707921
41.25            0.857122          -0.0888854
 41.3            0.852226           -0.106977
41.35            0.846425           -0.125054
 41.4             0.83972           -0.143106
41.45            0.832114           -0.161119
 41.5            0.823608           -0.179078
41.55            0.814206           -0.196969
 41.6            0.803911           -0.214776
41.65            0.792729            -0.23248
 41.7            0.780663           -0.250062
41.75            0.767722           -0.267504
 41.8            0.753913           -0.284784
41.85            0.739244            -0.30188
 41.9            0.723725           -0.318768
41.95            0.707367           -0.335425
   42            0.690182           -0.351826
42.05            0.672185           -0.367943
 42.1            0.653388           -0.383751
42.15            0.633809           -0.399221
 42.2            0.613466           -0.414325
42.25            0.592377           -0.429034
 42.3            0.570563           -0.443319
42.35            0.548045           -0.457151
 42.4            0.524848           -0.470499
42.45            0.500995           -0.483336
 42.5            0.476514           -0.495631
42.55            0.451432           -0.507357
 42.6            0.425778           -0.518485
42.65            0.399584           -0.528989
 42.7            0.372879           -0.538843
42.75            0.345699           -0.548022
 42.8            0.318077           -0.556504
42.85            0.290049           -0.564267
 42.9            0.261651           -0.571291
42.95             0.23292           -0.577558
   43            0.203895           -0.583054
43.05            0.174614           -0.587765
 43.1            0.145118            -0.59168
43.15            0.115446           -0.594791
 43.2           0.0856391           -0.597092
43.25           0.0557371           -0.598578
 43.3           0.0257812           -0.599251
43.35         -0.00418794            -0.59911
 43.4          -0.0341298           -0.598161
43.45           -0.064004            -0.59641
 43.5          -0.0937708           -0.593866
43.55           -0.123391           -0.590541
 43.6           -0.152825           -0.586449
43.65           -0.182036           -0.581604
 43.7           -0.210985           -0.576024
43.75           -0.239638            -0.56973
 43.8           -0.267958           -0.562741
43.85           -0.295912           -0.555079
 43.9           -0.323466           -0.546768
43.95           -0.350589           -0.537833
   44           -0.377249           -0.528297
44.05           -0.403419           -0.518187
 44.1           -0.429068           -0.507529
44.15           -0.454172           -0.496349
 44.2           -0.478703           -0.484673
44.25           -0.502639           -0.472528
 44.3           -0.525956           -0.459937
44.35           -0.548633           -0.446928
 44.4           -0.570649           -0.433525
44.45           -0.591985           -0.419751
 44.5           -0.612624           -0.405631
44.55           -0.632548           -0.391185
 44.6           -0.651742           -0.376436
44.65           -0.670192           -0.361404
 44.7           -0.687883           -0.346108
44.75           -0.704803           -0.330566
 44.8           -0.720939           -0.314796
44.85           -0.736282           -0.298813
 44.9           -0.750821           -0.282633
44.95           -0.764545            -0.26627
   45           -0.777448           -0.249736
45.05           -0.789519           -0.233044
 45.1           -0.800752           -0.216205
45.15            -0.81114           -0.199229
 45.2           -0.820675           -0.182126
45.25           -0.829352           -0.164904
 45.3           -0.837165           -0.147573
45.35           -0.844109           -0.130139
 45.4           -0.850179           -0.112611
45.45           -0.855371          -0.0949955
 45.5           -0.859679          -0.0772993
45.55           -0.863101          -0.0595295
 45.6           -0.865632          -0.0416928
45.65            -0.86727          -0.0237963
 45.7           -0.868012         -0.00584704
45.75           -0.867855           0.0121475
 45.8           -0.866797           0.0301796
45.85           -0.864837           0.0482408
 45.9           -0.861973           0.0663223
45.95           -0.858204           0.0844145
   46           -0.853531            0.102507
46.05           -0.847954            0.120589
 46.1           -0.841472            0.138648
46.15           -0.834089            0.156672
 46.2           -0.825805            0.174646
46.25           -0.816624            0.192556
 46.3            -0.80655            0.210384
46.35           -0.795586            0.228115
 46.4           -0.783738            0.245729
46.45           -0.771013            0.263208
 46.5           -0.757417             0.28053
46.55            -0.74296            0.297673
 46.6            -0.72765            0.314615
46.65           -0.711498            0.331332
 46.7           -0.694517            0.347798
46.75           -0.676719            0.363988
 46.8           -0.658118            0.379874
46.85           -0.638731             0.39543
 46.9           -0.618575            0.410627
46.95           -0.597668            0.425436
   47           -0.576031            0.439829
47.05           -0.553686            0.453775
 47.1           -0.530654            0.467246
47.15           -0.506961            0.480212
 47.2           -0.482633            0.492644
47.25           -0.457697            0.504513
 47.3           -0.432181            0.515791
47.35           -0.406117            0.526452
 47.4           -0.379536            0.536469
47.45           -0.352471            0.545817
 47.5           -0.324954            0.554473
47.55           -0.297023            0.562416
 47.6           -0.268713            0.569624
47.65           -0.240061             0.57608
 47.7           -0.211105            0.581768
47.75           -0.181884            0.586674
 47.8           -0.152437            0.590787
47.85           -0.122805            0.594098
 47.9          -0.0930277            0.596599
47.95          -0.0631454            0.598287
   48           -0.033199            0.599161
48.05         -0.00322932            0.599221
 48.1           0.0267231            0.598471
48.15           0.0566178            0.596918
 48.2           0.0864148            0.594569
48.25            0.116075            0.591436
 48.3            0.145558            0.587532
48.35            0.174828            0.582872
 48.4            0.203846            0.577472
48.45            0.232575            0.571353
 48.5            0.260981            0.564533
48.55            0.289028            0.557036
 48.6            0.316684            0.548883
48.65            0.343917              0.5401
 48.7            0.370694            0.530711
48.75            0.396988            0.520741
 48.8            0.422768            0.510216
48.85            0.448009            0.499163
 48.9            0.472685            0.487607
48.95             0.49677            0.475575
   49            0.520242            0.463092
49.05            0.543079            0.450185
 49.1            0.565261            0.436877
49.15            0.586767            0.423193
 49.2             0.60758            0.409156
49.25            0.627683            0.394789
 49.3            0.647059            0.380113
49.35            0.665694            0.365149
 49.4            0.683574            0.349916
49.45            0.700685            0.334434
 49.5            0.717017            0.318719
49.55            0.732557            0.302788
 49.6            0.747296            0.286655
49.65            0.761223            0.270336
 49.7            0.774329            0.253844
49.75            0.786607             0.23719
 49.8            0.798048            0.220386
49.85            0.808646            0.203443
 49.9            0.818393            0.186371
49.95            0.827283            0.169178
   50            0.835311            0.151873
