            0.199118          -0.0147843
            -4.02277            -1.14079
            -9.42172           -0.469227
            -9.48751           -0.687656
            -7.76716            0.118565
            -0.83177            0.379565
             -2.7579           -0.729078
             -3.2408           -0.812927
            -10.2682            -1.20675
            -15.7123           -0.475779
            -15.7339           -0.658242
            -14.7158          -0.0478185
            -7.25733            0.187297
              -8.268           -0.858711
            -1.78437            0.504626
             5.12331             0.14571
             8.18823            -1.24345
             2.85027           -0.698881
             -4.0412             -1.1309
            -9.42971           -0.475252
            -9.45026             -0.6579
            -8.43932           -0.050514
            -0.97209            0.188031
            -2.00183           -0.851464
             4.45777            0.488332
             11.3886            0.142244
             15.1166           -0.798276
             9.63897           -0.295794
              10.099           -0.712339
             11.0165            -1.07768
             16.4454            0.178923
             24.0504            0.151592
             24.5871            -1.60158
             22.3864           -0.722875
             21.9291           -0.803442
             16.5416           -0.753714
             19.6134             -1.7283
             14.9054            -1.13931
             9.48444           -0.425673
             9.24187           -0.811306
             2.17208             -1.1842
            -3.22383           -0.535619
              -2.499           -0.214874
             5.45535            0.419584
             3.54444           -0.727008
             3.08987           -0.800709
           -0.544066            -1.60289
            -2.74898           -0.723159
            -3.21059           -0.805254
            -9.12583           -0.744485
            -9.61051           -0.805805
            -16.6864            -1.19115
            -22.0833           -0.543417
            -21.2194           -0.147176
            -13.4251            0.258965
            -15.2719           -0.723661
            -15.6559           -0.773026
            -14.5885        -0.000534255
            -7.27713            0.181812
            -8.09055           -0.942438
            -1.68401            0.540384
             5.17902            0.157564
              6.3143            -1.75317
              2.7016           -0.994057
             -2.8755           -0.259836
            -1.74274           -0.969825
             4.56087            0.527259
             11.4391             0.15239
             13.3045            -1.73447
             8.62475            -1.14006
             3.20269           -0.424586
             2.95876           -0.812559
            -4.10616            -1.18038
            -9.50152           -0.531317
            -8.84903           -0.252456
            -1.00706            0.573868
           0.0654006            -1.75769
            -3.61383            -1.00877
            -9.15346            -0.25801
            -7.94284            -1.01522
            -1.92136            0.446489
             5.07515              0.1364
             9.77785          -0.0850139
             17.4375            0.606485
             24.2421            0.251578
             22.6039           -0.721039
             22.9547           -0.777098
             28.6248          -0.0857703
             36.2479            0.600392
             43.0594            0.226898
             41.6413            -0.74451
             44.1076            -1.76245
             40.3151            -1.03321
             34.8187           -0.268199
             35.8218           -0.900721
             42.3691            0.562251
             49.2101            0.170171
              49.239            -1.37848
             49.0771            -1.28831
             50.3646            -1.76067
              46.621            -1.02281
             41.1086           -0.262188
             42.2374           -0.968679
             48.5468            0.528545
             55.4235            0.152845
             57.2168            -1.74651
             52.6169            -1.14015
             47.1919           -0.419281
             46.9435           -0.817484
             39.8849            -1.17359
             34.4906           -0.523669
              35.022           -0.318571
             39.9743           -0.996595
             34.6409           -0.405613
              34.396           -0.821851
             27.2461            -1.23049
             21.8436           -0.586845
             23.7012            0.124902
              30.561            0.446448
             28.8696           -0.720523
             29.1176           -0.743043
             32.7722            -1.53633
             27.5929            -1.01112
              22.185           -0.320819
             22.4162           -0.706714
             22.0525           -0.770583
             22.9994          -0.0413113
             30.4372            0.185718
             29.4699           -0.875791
             35.9831            0.529696
             42.8585            0.153147
             44.6055            -1.75308
             40.0595            -1.13861
             34.6327           -0.413788
             34.3831           -0.820615
             27.3011            -1.18707
             21.9048           -0.538851
              22.686           -0.186676
             30.5969            0.334106
              28.554           -0.744998
             28.1009           -0.787598
             20.9082             -1.2784
             15.4983           -0.635732
             9.60448           -0.770124
             9.58343           -0.520511
             9.24812           -0.821381
             2.18338            -1.17547
            -3.21126           -0.525789
            -2.64724             -0.3004
             3.82284            0.143272
             11.5353            0.163956
             11.1599            -1.16484
             15.2322            -0.71107
              9.3892           -0.474032
             9.50738           -0.575968
             9.37312           -0.678372
             10.8551           0.0825528
              17.938            0.228348
             16.4342           -0.731956
             17.7451            -1.33314
             18.1908            -1.55494
             16.3488           -0.718911
             16.9099           -0.871549
             23.4827             0.55137
             30.3341            0.163021
             30.8943            -1.61066
             28.6219           -0.728752
             28.1164            -0.82419
             20.9563            -1.23585
             15.5531           -0.592612
             17.5804            0.143972
             23.5563            0.570376
             30.3898            0.179187
             29.9693            -1.14166
             34.4831           -0.404458
             34.5787           -0.622026
             34.9526           -0.361791
             36.5698            -1.31919
              37.244            -1.63373
             34.7794           -0.751485
                34.5           -0.682543
              36.098             0.10207
             43.1232            0.279629
              41.292           -0.722551
             40.9478           -0.759174
              41.386           -0.269819
             49.0022             0.61723
              55.699            0.431442
             53.9496           -0.719521
             53.9362           -0.704187
             53.9331           -0.704146
             53.9168           -0.704174
             53.8315           -0.707405
             53.4645           -0.771572
             54.4604           -0.024099
             61.8436            0.182811
               60.97             -0.9153
             67.4526              0.5474
             74.3081            0.160922
             75.0685            -1.67493
             72.2685           -0.809994
             74.2376             0.15995
              77.422             -1.1681
             72.0808           -0.607936
             74.5513            0.340703
             72.6881           -0.724179
             72.2924           -0.777278
             73.5862           0.0605095
             80.7269            0.202011
             79.5491           -0.801391
             85.4626            0.115629
             93.2606            0.177824
              92.371           -0.908059
             98.8671            0.546991
             105.723            0.160697
             106.506            -1.68134
             103.651           -0.821486
             104.907             0.45073
             111.894            0.137277
             116.459           -0.182585
             117.887            -1.10972
             122.886          -0.0767732
             130.711            0.617079
             137.344            0.484408
              135.96           -0.760774
             139.897            -1.38202
             134.597           -0.857729
             129.013           -0.298623
             129.423           -0.707012
             129.898           -0.824373
             136.341            0.461294
             143.313            0.138026
             147.777           -0.255907
             147.979           -0.716737
             147.482           -0.824411
             140.406            -1.18108
             135.011           -0.532118
             135.676           -0.245468
             143.566            0.544918
             143.038             -1.1256
             147.827           -0.217277
             148.496           -0.741903
             152.122            -1.54969
             146.959            -1.02294
             141.553           -0.330342
             141.693           -0.717214
             141.196            -0.82415
             134.135            -1.17204
             128.741           -0.521928
             129.246           -0.333377
             132.729            -1.72446
             128.001            -1.13849
             122.581           -0.426039
             122.339           -0.810859
             115.267            -1.18569
             109.871           -0.537292
             110.625           -0.200261
             118.564            0.371357
             116.536            -0.74196
             116.053           -0.805533
             108.975            -1.19263
             103.578           -0.545067
             104.473           -0.133064
              112.22            0.241038
             110.485           -0.719321
             110.413           -0.705579
             110.139           -0.741941
             110.004           -0.600706
             110.107           -0.526069
             109.773           -0.818022
              102.73            -1.16329
             97.3373           -0.512032
             97.7028           -0.414904
             98.0707           -0.713341
             99.0541            -1.11979
               103.9           -0.176447
             105.518            -1.22438
             108.192            -1.52725
             103.001            -1.00258
             97.5916           -0.314247
             97.8923           -0.703623
             97.7821           -0.709887
             97.3473           -0.798065
             98.3332            0.302147
             105.616            0.133742
             110.014           -0.303932
             109.895           -0.801553
             104.753           -0.829287
             111.034            0.377423
             118.158            0.132321
             123.239            0.164887
             130.883            0.155699
             131.034            -1.43764
              130.21            -0.97718
              136.47            0.513648
             143.366            0.148139
             145.969            -1.49146
             140.742           -0.968809
             135.319           -0.291742
               135.9           -0.735317
             138.897            -1.74546
             134.298            -1.14022
             128.873           -0.419345
             128.625           -0.817437
             121.566            -1.17356
             116.172           -0.523629
             116.703           -0.318917
             121.621            -1.02101
             116.287           -0.432755
              116.06           -0.799498
             108.923            -1.23433
              103.52           -0.590947
             105.497            0.138149
              111.93            0.607519
             118.184            0.609857
             124.648            0.569499
              125.99            -1.77344
             121.857             -1.0957
             116.412           -0.337958
              116.49            -0.72812
             116.083           -0.768136
             108.914            -1.29358
             103.482             -0.6208
             102.931           -0.908815
             97.5803           -0.321373
              97.796           -0.708058
             97.3897           -0.786664
             99.2664            0.144678
             105.182            0.554809
             112.029            0.166536
             112.301            -1.49412
             110.962           -0.797394
             116.902            0.131448
             124.651             0.16929
             124.041            -1.04144
             129.856            0.362963
             137.009            0.132179
             142.044            0.135787
             149.776            0.166963
             149.262            -1.09103
             154.548           0.0951287
              162.41              0.1916
             161.209           -0.794115
             166.937           -0.027084
             175.097            0.432792
             173.232           -0.723306
             172.868           -0.765792
             173.588           -0.132998
             181.335            0.241106
             179.599           -0.719326
             179.526           -0.705682
             179.244           -0.743903
             179.163           -0.568102
             178.977           -0.712968
             181.368            0.389787
             179.537           -0.721792
             179.234           -0.746107
             179.216           -0.530026
             178.886           -0.814011
             171.838            -1.16909
             166.444            -0.51858
               166.9           -0.361507
             168.533            -1.32831
             169.054            -1.58255
             166.995            -0.71598
             166.792           -0.722788
             166.317           -0.809721
             159.266            -1.17345
             153.871           -0.523497
               154.4           -0.320042
             159.206            -1.09936
             153.868           -0.525168
             154.432           -0.300525
             160.894            0.137904
             168.623            0.166304
             168.137            -1.10592
             173.223          -0.0253862
             181.383            0.425283
             179.486           -0.725729
             179.056           -0.790799
              181.22            0.204286
             180.418           -0.949203
               186.8            0.536535
             193.667            0.155905
             195.016            -1.77147
             191.028            -1.07111
             185.569           -0.305057
             185.986           -0.708185
             186.564           -0.875343
             193.137            0.553823
             199.986            0.164464
             200.421            -1.56359
             198.519           -0.716362
             198.815           -0.756342
             203.504           -0.877274
             198.136           -0.301468
             198.571           -0.709876
              199.29           -0.954688
             205.665            0.541527
             212.526            0.158113
             213.595            -1.74353
             210.112           -0.964683
              204.42           -0.291854
             204.913           -0.716899
             206.202            -1.31174
              207.01            -1.67252
             204.223           -0.807475
             206.043            0.140096
             212.361             0.61335
             219.064            0.426492
             217.293           -0.719692
             217.195           -0.707404
             216.829           -0.771218
             217.807          -0.0301903
             225.209            0.183632
             224.307           -0.902647
             230.811            0.545962
             237.668            0.160163
             238.507            -1.69604
             235.519           -0.850006
             228.245            -1.30608
             222.823           -0.651635
             215.965            -1.18832
              210.52           -0.446918
             210.331           -0.770732
             203.146            -1.29864
             197.717           -0.630809
             192.444           -0.748141
             194.983            -1.76839
              191.05            -1.06104
             185.584           -0.293386
             186.157           -0.733396
             188.967            -1.76717
             184.619            -1.12409
             179.185           -0.383447
             178.992           -0.806548
             172.582           -0.903472
             166.116           -0.741053
             160.002            -0.61225
             154.682            -0.73701
             156.187            -1.44469
             155.267           -0.937703
             161.698            0.546486
             168.554            0.160491
             169.359            -1.68707
             166.452           -0.832258
             160.252           -0.813836
              161.98            0.130741
             168.722            0.520388
             167.804           -0.925147
             174.262            0.545763
             181.119            0.160099
             181.965            -1.69773
             178.961           -0.853486
              171.69            -1.29598
             166.276           -0.650542
             159.452            -1.17082
             154.006           -0.419952
             153.757           -0.817158
             146.699            -1.17338
             141.305           -0.523433
             141.833            -0.32059
             146.583            -1.13671
             141.244           -0.570567
             142.694           0.0585352
             149.839            0.200637
             148.683           -0.808153
             154.734            0.215969
             162.236            0.143265
             164.043            -1.74457
             159.429            -1.14035
             154.004           -0.420487
             153.757           -0.816533
             146.699             -1.1734
             141.305           -0.523448
             141.833           -0.320462
             146.596            -1.12805
             141.257           -0.560006
             142.467         -0.00922946
             149.804            0.181802
             148.978           -0.936849
             155.403            0.542907
             162.264            0.158722
             163.261            -1.73117
             159.923            -0.93091
             153.985           -0.412154
             153.755           -0.810073
             146.679            -1.18929
             141.282           -0.541328
             142.108           -0.165174
             149.959            0.287944
             147.994           -0.734814
             147.483           -0.824662
             140.402            -1.18427
             135.006           -0.535716
             135.733           -0.214029
             143.687            0.416554
             141.765           -0.728061
             141.295           -0.807387
             134.934           -0.882358
             128.015            -1.04778
             122.634            -0.38465
             122.434           -0.808698
             115.702            -1.05652
              110.21           -0.274298
             111.098           -0.844649
             117.639            0.520875
             124.526            0.150148
             126.768            -1.63675
             121.749            -1.09151
             116.343           -0.391359
             116.124           -0.815024
             108.925            -1.28966
             103.492           -0.613377
             105.872            0.526954
             105.207            -1.05012
             110.944            0.328602
             118.169            0.132572
             122.949          -0.0321416
             131.105            0.450211
             129.329           -0.719719
             129.233           -0.707236
             128.873           -0.768928
              129.74          -0.0715067
             137.277            0.195482
             136.082           -0.795927
              141.86           0.0123802
             149.972            0.309733
             147.943           -0.743327
             147.474           -0.797724
             140.341            -1.23242
             134.938           -0.588885
             136.855            0.131425
             143.573            0.531829
             142.901            -1.04722
             148.664            0.340565
             155.864            0.132304
             160.759           0.0456906
             168.777            0.244983
             166.989           -0.720575
              166.75           -0.729869
             166.359           -0.758226
             159.358            -1.21604
             153.915           -0.490596
             154.024           -0.573247
              153.87           -0.691394
             155.702            0.131239
             162.428            0.528336
             161.673             -1.0045
              167.77            0.466614
             174.733            0.138812
             179.069           -0.350024
             178.889            -0.80935
             171.804            -1.19544
             166.406           -0.548218
             167.361           -0.106494
             175.016             0.21599
             173.513           -0.731834
             174.815            -1.32789
             175.346            -1.58603
              173.26           -0.716804
             172.993           -0.737429
             172.747           -0.668976
             174.011           0.0321389
             181.228            0.187166
             180.321            -0.90088
             186.827            0.545483
             193.684             0.15992
              194.55            -1.70247
             191.501           -0.863425
             184.366             -1.1984
             178.968           -0.551591
             179.989          -0.0787149
              187.55            0.198766
             186.294           -0.779041
             191.452           -0.489095
             192.873           0.0357267
              200.08            0.188458
             199.147             -0.8898
             205.662            0.540802
             212.525            0.157677
             213.646            -1.75135
              210.06           -0.988229
             204.464           -0.262756
             205.515           -0.924096
             212.004            0.559071
             218.848            0.167944
             219.021            -1.44879
             218.089           -0.932482
             224.536            0.548644
              231.39            0.161613
             232.082            -1.65454
             229.455           -0.777289
             229.901           -0.258597
             237.682            0.596659
              242.08           -0.214509
               242.8           -0.756591
             247.559           -0.823273
             242.131           -0.287633
             242.728           -0.738368
             246.017            -1.67709
             241.105            -1.11796
             235.693           -0.414392
             235.444           -0.820291
             228.367              -1.184
             222.971           -0.535398
             223.692           -0.216808
             231.647            0.426629
             229.764           -0.724664
             229.358            -0.78093
             230.863            0.099887
             237.896            0.271226
               236.1           -0.720813
             235.846           -0.733288
             235.514           -0.721964
             236.074          -0.0132707
             244.228            0.379381
             242.203           -0.741371
             241.716            -0.80838
             234.657            -1.17871
             229.262           -0.529428
             229.884           -0.268914
             237.519            0.617002
             244.168            0.473078
             242.681           -0.740664
             244.741            -1.68083
             241.872           -0.824475
             238.829            -1.75847
             235.145            -1.00986
             229.608           -0.258149
             230.817            -1.01439
             236.844            0.448616
             243.837            0.136623
             248.509           -0.106919
             255.301            0.238689
             262.744             0.13965
             265.398            -1.46815
              260.15           -0.946151
             254.712           -0.280767
             255.458           -0.785106
             261.378            0.106579
             269.205            0.183532
             268.171            -0.84954
             274.622            0.483288
             281.561             0.14133
             285.458           -0.674541
             279.295           -0.679517
             272.414             -1.1345
             267.025           -0.479288
             267.037           -0.636618
             267.645           -0.232813
             275.584            0.490669
             274.125            -0.74611
             276.706            -1.77039
             272.703             -1.0742
             267.246           -0.308848
             267.617           -0.704908
             267.876           -0.742308
             271.466            -1.56502
             266.324            -1.03615
              260.92           -0.341507
             260.964           -0.735291
             260.687           -0.688629
              262.45            0.123484
             269.331            0.429162
             267.552           -0.719806
              267.43           -0.709707
                 267           -0.796284
             269.124            0.579821
             272.163            -1.19274
             266.822           -0.637816
             260.674            -0.85215
             253.494            -1.26708
             248.055           -0.573964
             249.562           0.0712066
             256.675            0.212492
             255.348           -0.762129
             259.431            -1.29399
             254.102           -0.759051
             247.951           -0.624004
             241.501           -0.991695
             235.873           -0.266788
             236.821           -0.870724
             243.397            0.552132
             250.247            0.163458
             250.769            -1.59658
             248.608           -0.720302
             248.201           -0.782605
             249.809            0.114165
             256.778            0.343796
             254.825           -0.732514
             254.318           -0.823377
             247.122            -1.26057
             241.715           -0.618431
             242.783            0.265368
             250.153              0.1365
             253.703           -0.925933
             248.359           -0.335364
             248.446           -0.726398
             248.017           -0.782537
             240.806            -1.29519
             235.392           -0.649784
             228.596            -1.15679
             223.148           -0.398805
             222.913            -0.81969
             215.674            -1.29296
             210.261           -0.648266
             203.526            -1.12607
             198.073           -0.354548
             198.026           -0.758519
             198.469           -0.267766
             206.122            0.616395
             212.714            0.511125
             211.663           -0.867535
             218.163            0.518033
             225.053            0.149296
             227.446            -1.58189
             222.326            -1.04954
             216.922            -0.35323
             216.881            -0.75723
             217.273           -0.294857
             224.056            0.337588
             231.263            0.132311
             236.138           0.0322657
             244.195            0.266996
             242.291           -0.728397
             241.813           -0.810454
             235.011            -1.09163
             229.546           -0.309985
             229.905           -0.704389
             230.095           -0.725263
             232.062            -1.64587
             229.488           -0.768277
             229.633           -0.425355
             229.862           -0.703703
             229.846           -0.704174
              229.76           -0.707459
             229.391           -0.772282
             230.423           -0.012112
             237.769            0.181863
             236.937           -0.934094
             243.371            0.543944
              250.23            0.159215
             251.172            -1.71998
             247.952           -0.903025
             241.647           -0.639487
             234.627            -1.27398
             229.191           -0.585983
             231.013            0.120931
             237.925            0.402727
              236.05           -0.724323
             235.653           -0.777804
             236.976           0.0669526
               244.1            0.207753
             242.837           -0.777401
             247.913           -0.556261
             242.186           -0.747268
             241.727           -0.789805
             234.546            -1.26948
             229.137           -0.627235
             224.512            -1.00997
             230.573            0.453873
             237.557            0.137201
             242.145           -0.166253
             244.207            -1.47175
             243.036           -0.846359
             249.512            0.492485
             256.437            0.143047
             260.014           -0.906455
             254.662           -0.319836
             254.893            -0.70679
             254.526           -0.771621
             255.525          -0.0232261
             262.905            0.182712
             262.035           -0.916962
             268.514            0.547354
              275.37            0.160901
             276.133            -1.67554
             273.327           -0.811061
              275.36            0.171931
             276.431            -1.74417
             272.939           -0.966519
             267.257           -0.288375
             267.802           -0.726228
             269.921            -1.69386
             266.935           -0.849791
             259.662            -1.30608
              254.24           -0.650817
              247.41            -1.17425
             241.963           -0.425199
              241.72           -0.812175
             234.653            -1.18147
             229.258           -0.532548
             229.931           -0.241714
              237.84            0.528706
             236.914           -0.922849
             243.378            0.546128
             250.235            0.160279
             251.061            -1.69289
             248.102            -0.84364
             240.937              -1.263
             235.498           -0.567125
             236.842           0.0318923
              244.06            0.187131
             243.153           -0.901143
             249.659            0.545557
             256.516            0.159957
             257.377            -1.70148
             254.339           -0.861335
             247.165            -1.22467
             241.763           -0.580587
             243.449            0.102904
             250.471            0.283287
             248.626           -0.723391
             248.251           -0.769517
             249.145           -0.061247
             256.648            0.191448
             255.536           -0.822419
             261.791            0.357053
             268.957            0.132132
             273.968            0.120987
             281.746            0.174415
             280.958           -0.953722
             287.322            0.533549
             294.193            0.154701
             295.708            -1.77213
             291.465             -1.1115
             286.027            -0.36214
             285.933           -0.773121
             287.048           0.0137497
             294.317            0.183032
             293.491           -0.936672
             299.917            0.542975
             306.777            0.158754
             307.771            -1.73046
              304.44           -0.929088
             298.484           -0.422641
             298.277           -0.792424
             291.098            -1.26606
              285.69            -0.62388
             282.367            -1.66141
             279.688           -0.786484
              280.49          -0.0920034
             288.096            0.206116
             286.722           -0.752119
             289.926            -1.69733
             285.081            -1.12848
             279.666           -0.422146
              279.42           -0.814974
             272.361            -1.17495
             266.966           -0.525195
             267.521           -0.305501
             273.635           -0.110327
             280.165           0.0644926
             288.127            0.221175
             286.529           -0.723034
             287.085           -0.870803
             293.658            0.550832
              300.51            0.162715
             301.098            -1.62043
             298.748           -0.736759
             298.265           -0.808403
             291.206            -1.17883
              285.81           -0.529569
             286.434           -0.267688
             294.092            0.616173
             300.665            0.521129
             299.789           -0.944628
             306.187            0.538735
             313.052            0.156836
             314.278            -1.76338
             310.498             -1.0304
             304.998           -0.266369
             306.038           -0.920387
             312.539            0.560126
             319.382            0.168672
             319.506             -1.4254
             318.806            -1.03164
             324.702            0.397409
             331.786            0.132961
             336.859            0.159261
             344.519            0.157583
             344.527            -1.36664
              344.52             -1.3621
             344.561            -1.38361
              344.32             -1.2502
             346.435            -1.70789
             341.628            -1.13283
             336.211           -0.424623
             335.968           -0.812453
             328.902            -1.18068
             323.507           -0.531659
             324.165           -0.249472
              332.03            0.561815
             332.202            -1.48942
             330.905           -0.808489
             337.053            0.280188
              344.39            0.135151
             348.333           -0.641804
             341.773           -0.949758
             336.371           -0.299102
             336.848           -0.715256
             338.001            -1.22741
             340.608            -1.55418
             335.451             -1.0265
             330.045           -0.333293
             330.158           -0.721531
              329.68           -0.812484
             322.644            -1.16173
             317.251           -0.510257
             317.593           -0.428948
             317.782           -0.704237
             317.589           -0.722725
             317.114           -0.809919
             310.063            -1.17256
             304.669           -0.522491
             305.183           -0.328606
             309.124            -1.58189
             304.007            -1.05031
             298.603            -0.35393
             298.557           -0.758563
             299.002           -0.266813
             306.671            0.615454
              313.19            0.547476
             313.057            -1.33782
             313.477            -1.54468
             311.716           -0.724595
             312.762            -1.16589
             316.762           -0.758159
             311.167           -0.340006
             311.156           -0.750847
             311.314           -0.425861
             311.537           -0.703691
             311.492           -0.704896
             311.273           -0.728041
             310.856           -0.774444
             303.647            -1.30568
             298.224           -0.649506
             291.442            -1.14965
             285.994           -0.388241
             285.785           -0.811681
             278.758             -1.2067
             273.314           -0.475706
             273.292           -0.658615
             274.318          -0.0449091
             281.767            0.186558
             280.776           -0.866446
             287.278            0.517934
             294.168            0.149266
             296.566            -1.57977
             291.444            -1.04779
             286.039           -0.351678
             286.009           -0.754274
             286.288           -0.356591
             288.134            -1.44475
             287.212           -0.936778
             293.646              0.5469
             300.502            0.160702
             301.285            -1.68117
              298.43           -0.821183
              299.91            0.538106
             306.775            0.158148
             307.835             -1.7421
             304.369           -0.960596
             298.655           -0.300492
              299.03           -0.704793
             299.277           -0.738798
             302.542            -1.68398
             297.651            -1.12177
             292.238           -0.417372
             291.989           -0.818703
             284.926            -1.17572
             279.532           -0.526073
               280.1           -0.297951
             286.721            0.240905
             294.157            0.139344
             296.892             -1.4281
             291.616           -0.905704
             286.133           -0.273591
             286.976           -0.823217
             293.419            0.460616
             300.393             0.13794
              304.87           -0.246064
             305.171           -0.705901
             304.836           -0.760481
             305.329           -0.241651
             313.237            0.529172
             312.321           -0.927117
             318.774            0.545347
             325.631            0.159893
             326.499            -1.70313
             323.445           -0.864852
             316.338            -1.17931
             310.942           -0.530176
             311.576           -0.262399
             319.313            0.606929
               325.1            0.556591
             331.946            0.167973
             332.115              -1.447
               331.2           -0.939351
             337.624            0.545723
             344.482            0.160106
             345.327            -1.69753
             342.325           -0.853071
             335.052            -1.29807
             329.637           -0.651893
             322.768            -1.19361
             317.323            -0.45519
             317.171           -0.745493
             310.764           -0.924272
             304.634            -0.52182
             305.433           -0.184991
             313.339            0.329926
             311.299           -0.744701
             310.843           -0.789506
             303.659            -1.27078
             298.251           -0.628507
              293.34           -0.867226
             299.823            0.510212
             306.723            0.147114
              309.52            -1.39539
             304.226           -0.871336
             298.678           -0.286502
             299.267           -0.736187
             302.348            -1.72992
             297.649            -1.13961
             292.228           -0.425426
             291.985           -0.811598
             284.917            -1.18326
             279.521           -0.534561
             280.228           -0.224126
              288.18             0.45463
             286.438           -0.719583
             286.474           -0.705888
             286.772            -0.75422
              291.32            -0.98403
             285.986           -0.392046
             285.764           -0.816294
             278.533            -1.30224
             273.106           -0.638507
             266.976           -0.845364
             260.174            -1.07705
             254.699           -0.293635
             255.271           -0.733135
             258.055            -1.76878
             253.745            -1.11997
              248.31            -0.37621
             248.144            -0.79677
             249.518            0.492121
             256.441             0.14378
             259.867            -1.01124
             254.533           -0.420928
             254.287           -0.815221
             247.229            -1.17465
             241.834           -0.524865
             242.384           -0.308341
             248.274           -0.280427
             248.274           -0.762644
             248.896           -0.178135
             256.786            0.314374
             254.762           -0.742444
             254.285           -0.802621
