 0.05            0.199752         -0.00992738
  0.1            0.199007          -0.0198304
 0.15            0.197769          -0.0296849
  0.2            0.196039          -0.0394666
 0.25            0.193822          -0.0491515
  0.3            0.191124          -0.0587158
 0.35             0.18795           -0.068136
  0.4             0.18431          -0.0773889
 0.45            0.180211          -0.0864515
  0.5            0.175665          -0.0953015
 0.55            0.170681           -0.103917
  0.6            0.165273           -0.112276
 0.65            0.159454           -0.120359
  0.7            0.153237           -0.128144
 0.75            0.146639           -0.135613
  0.8            0.139676           -0.142746
 0.85            0.132365           -0.149527
  0.9            0.124723           -0.155936
 0.95            0.116771           -0.161959
    1            0.108527           -0.167579
 1.05            0.100013           -0.172783
  1.1           0.0912492           -0.177557
 1.15           0.0822574            -0.18189
  1.2           0.0730602           -0.185769
 1.25           0.0636805           -0.189184
  1.3           0.0541418           -0.192128
 1.35           0.0444677           -0.194592
  1.4           0.0346825           -0.196571
 1.45           0.0248106           -0.198058
  1.5           0.0148767            -0.19905
 1.55          0.00490566           -0.199544
  1.6         -0.00507769            -0.19954
 1.65          -0.0150484           -0.199037
  1.7          -0.0249814           -0.198036
 1.75           -0.034852           -0.196541
  1.8          -0.0446355           -0.194554
 1.85          -0.0543074           -0.192082
  1.9          -0.0638436           -0.189129
 1.95          -0.0732203           -0.185706
    2          -0.0824142           -0.181819
 2.05          -0.0914022           -0.177479
  2.1           -0.100162           -0.172697
 2.15           -0.108672           -0.167486
  2.2           -0.116911           -0.161858
 2.25           -0.124858           -0.155829
  2.3           -0.132494           -0.149413
 2.35           -0.139799           -0.142626
  2.4           -0.146756           -0.135487
 2.45           -0.153348           -0.128013
  2.5           -0.159557           -0.120222
 2.55            -0.16537           -0.112135
  2.6           -0.170771           -0.103771
 2.65           -0.175747          -0.0951509
  2.7           -0.180286           -0.086297
 2.75           -0.184377          -0.0772309
  2.8           -0.188009           -0.067975
 2.85           -0.191174          -0.0585521
  2.9           -0.193864          -0.0489855
 2.95           -0.196073          -0.0392987
    3           -0.197794          -0.0295156
 3.05           -0.199024          -0.0196601
  3.1            -0.19976         -0.00975641
 3.15                -0.2         0.000171179
  3.2           -0.199743           0.0100983
 3.25            -0.19899           0.0200008
  3.3           -0.197743           0.0298542
 3.35           -0.196005           0.0396344
  3.4            -0.19378           0.0493174
 3.45           -0.191073           0.0588795
  3.5           -0.187892            0.068297
 3.55           -0.184243           0.0775467
  3.6           -0.180137           0.0866059
 3.65           -0.175583           0.0954521
  3.7           -0.170592            0.104063
 3.75           -0.165176            0.112418
  3.8            -0.15935            0.120496
 3.85           -0.153127            0.128276
  3.9           -0.146522            0.135739
 3.95           -0.139553            0.142866
    4           -0.132236             0.14964
 4.05           -0.124589            0.156043
  4.1           -0.116631            0.162059
 4.15           -0.108383            0.167672
  4.2          -0.0998641            0.172869
 4.25           -0.091096            0.177636
  4.3          -0.0821005             0.18196
 4.35             -0.0729            0.185831
  4.4          -0.0635174            0.189239
 4.45          -0.0539761            0.192175
  4.5          -0.0442999            0.194631
 4.55           -0.034513              0.1966
  4.6          -0.0246399            0.198079
 4.65          -0.0147051            0.199063
  4.7         -0.00473361            0.199549
 4.75          0.00524973            0.199536
  4.8           0.0152199            0.199024
 4.85           0.0251521            0.198015
  4.9           0.0350214            0.196511
 4.95           0.0448032            0.194516
    5            0.054473            0.192035
 5.05           0.0640066            0.189074
  5.1           0.0733804            0.185643
 5.15           0.0825709            0.181748
  5.2           0.0915552              0.1774
 5.25            0.100311            0.172611
  5.3            0.108816            0.167392
 5.35             0.11705            0.161758
  5.4            0.124992            0.155721
 5.45            0.132622            0.149299
  5.5            0.139922            0.142506
 5.55            0.146873            0.135361
  5.6            0.153458            0.127881
 5.65            0.159661            0.120085
  5.7            0.165467            0.111993
 5.75             0.17086            0.103624
  5.8            0.175829           0.0950002
 5.85             0.18036           0.0861425
  5.9            0.184443           0.0770729
 5.95            0.188068           0.0678139
    6            0.191225           0.0583884
 6.05            0.193906           0.0488195
  6.1            0.196107           0.0391309
 6.15             0.19782           0.0293463
  6.2            0.199041           0.0194897
 6.25            0.199768          0.00958543
  6.3                 0.2        -0.000342358
 6.35            0.199734          -0.0102693
  6.4            0.198973          -0.0201711
 6.45            0.197717          -0.0300234
  6.5             0.19597          -0.0398022
 6.55            0.193737          -0.0494833
  6.6            0.191022          -0.0590431
 6.65            0.187833          -0.0684579
  6.7            0.184176          -0.0777046
 6.75            0.180062          -0.0867602
  6.8              0.1755          -0.0956025
 6.85            0.170502           -0.104209
  6.9            0.165079            -0.11256
 6.95            0.159246           -0.120632
    7            0.153016           -0.128407
 7.05            0.146405           -0.135865
  7.1             0.13943           -0.142986
 7.15            0.132107           -0.149754
  7.2            0.124454            -0.15615
 7.25            0.116492           -0.162159
  7.3            0.108238           -0.167766
 7.35            0.099715           -0.172955
  7.4           0.0909429           -0.177714
 7.45           0.0819436           -0.182031
  7.5           0.0727398           -0.185894
 7.55           0.0633542           -0.189294
  7.6           0.0538104           -0.192221
 7.65           0.0441321           -0.194669
  7.7           0.0343435            -0.19663
 7.75           0.0244691             -0.1981
  7.8           0.0145335           -0.199075
 7.85          0.00456157           -0.199553
  7.9         -0.00542176           -0.199531
 7.95          -0.0153915           -0.199011
    8          -0.0253228           -0.197993
 8.05          -0.0351908            -0.19648
  8.1          -0.0449709           -0.194477
 8.15          -0.0546385           -0.191988
  8.2          -0.0641696           -0.189019
 8.25          -0.0735404           -0.185579
  8.3          -0.0827276           -0.181677
 8.35          -0.0917081           -0.177321
  8.4            -0.10046           -0.172525
 8.45           -0.108961           -0.167299
  8.5            -0.11719           -0.161657
 8.55           -0.125126           -0.155614
  8.6           -0.132751           -0.149185
 8.65           -0.140045           -0.142386
  8.7            -0.14699           -0.135235
 8.75           -0.153568           -0.127749
  8.8           -0.159764           -0.119948
 8.85           -0.165563           -0.111851
  8.9            -0.17095           -0.103478
 8.95           -0.175911          -0.0948495
    9           -0.180435          -0.0859879
 9.05            -0.18451          -0.0769149
  9.1           -0.188126          -0.0676528
 9.15           -0.191275          -0.0582246
  9.2           -0.193948          -0.0486534
 9.25            -0.19614           -0.038963
  9.3           -0.197845          -0.0291769
 9.35           -0.199058          -0.0193194
  9.4           -0.199777         -0.00941444
 9.45           -0.199999         0.000513537
  9.5           -0.199725           0.0104403
 9.55           -0.198955           0.0203414
  9.6           -0.197691           0.0301927
 9.65           -0.195936           0.0399699
  9.7           -0.193694           0.0496492
 9.75           -0.190971           0.0592066
  9.8           -0.187774           0.0686188
 9.85           -0.184109           0.0778623
  9.9           -0.179987           0.0869145
 9.95           -0.175418           0.0957529
   10           -0.170412            0.104356
10.05           -0.164982            0.112701
 10.1           -0.159142            0.120769
10.15           -0.152905            0.128538
 10.2           -0.146288             0.13599
10.25           -0.139306            0.143106
 10.3           -0.131977            0.149867
10.35            -0.12432            0.156257
 10.4           -0.116352            0.162259
10.45           -0.108094            0.167859
 10.5          -0.0995659            0.173041
10.55          -0.0907896            0.177792
 10.6          -0.0817867            0.182101
10.65          -0.0725795            0.185957
 10.7           -0.063191            0.189348
10.75          -0.0536446            0.192267
 10.8          -0.0439642            0.194707
10.85           -0.034174             0.19666
 10.9          -0.0242983            0.198121
10.95          -0.0143619            0.199088
   11         -0.00438952            0.199556
11.05          0.00559379            0.199526
 11.1           0.0155631            0.198997
11.15           0.0254935            0.197971
 11.2           0.0353602             0.19645
11.25           0.0451385            0.194438
 11.3            0.054804            0.191941
11.35           0.0643326            0.188964
 11.4           0.0737004            0.185516
11.45           0.0828842            0.181605
 11.5           0.0918609            0.177242
11.55            0.100608            0.172438
 11.6            0.109105            0.167205
11.65            0.117329            0.161556
 11.7             0.12526            0.155506
11.75             0.13288            0.149071
 11.8            0.140167            0.142266
11.85            0.147106            0.135109
 11.9            0.153678            0.127617
11.95            0.159868            0.119811
   12            0.165659            0.111709
12.05            0.171039            0.103331
 12.1            0.175992           0.0946986
12.15            0.180509           0.0858333
 12.2            0.184576           0.0767568
12.25            0.188184           0.0674916
 12.3            0.191325           0.0580608
12.35             0.19399           0.0484874
 12.4            0.196174            0.038795
12.45             0.19787           0.0290075
 12.5            0.199074            0.019149
12.55            0.199785          0.00924345
 12.6            0.199999        -0.000684715
12.65            0.199716          -0.0106112
 12.7            0.198938          -0.0205117
12.75            0.197665          -0.0303619
 12.8            0.195902          -0.0401377
12.85            0.193651           -0.049815
 12.9             0.19092          -0.0593702
12.95            0.187714          -0.0687796
   13            0.184042            -0.07802
13.05            0.179912          -0.0870687
 13.1            0.175335          -0.0959033
13.15            0.170322           -0.104502
 13.2            0.164885           -0.112843
13.25            0.159038           -0.120905
 13.3            0.152794            -0.12867
13.35            0.146171           -0.136116
 13.4            0.139183           -0.143225
13.45            0.131848            -0.14998
 13.5            0.124185           -0.156364
13.55            0.116212           -0.162359
 13.6            0.107949           -0.167951
13.65           0.0994167           -0.173126
 13.7           0.0906363            -0.17787
13.75           0.0816296           -0.182172
 13.8           0.0724191           -0.186019
13.85           0.0630277           -0.189403
 13.9           0.0534789           -0.192314
13.95           0.0437964           -0.194744
   14           0.0340044           -0.196689
14.05           0.0241275           -0.198142
 14.1           0.0141902             -0.1991
14.15          0.00421747            -0.19956
 14.2         -0.00576581           -0.199521
14.25          -0.0157347           -0.198984
 14.3          -0.0256642           -0.197949
14.35          -0.0355296           -0.196419
 14.4          -0.0453061           -0.194399
14.45          -0.0549695           -0.191893
 14.5          -0.0644955           -0.188908
14.55          -0.0738603           -0.185452
 14.6          -0.0830407           -0.181534
14.65          -0.0920137           -0.177163
 14.7           -0.100757           -0.172351
14.75           -0.109249           -0.167111
 14.8           -0.117468           -0.161455
14.85           -0.125394           -0.155399
 14.9           -0.133008           -0.148957
14.95            -0.14029           -0.142145
   15           -0.147223           -0.134982
15.05           -0.153788           -0.127486
 15.1           -0.159971           -0.119674
15.15           -0.165756           -0.111567
 15.2           -0.171128           -0.103184
15.25           -0.176074          -0.0945477
 15.3           -0.180583          -0.0856785
15.35           -0.184642          -0.0765986
 15.4           -0.188242          -0.0673304
15.45           -0.191375          -0.0578969
 15.5           -0.194032          -0.0483212
15.55           -0.196207          -0.0386271
 15.6           -0.197895          -0.0288382
15.65           -0.199091          -0.0189786
 15.7           -0.199793         -0.00907245
15.75           -0.199998         0.000855893
 15.8           -0.199707           0.0107821
15.85            -0.19892            0.020682
 15.9           -0.197639           0.0305311
15.95           -0.195867           0.0403054
   16           -0.193608           0.0499808
16.05           -0.190869           0.0595337
 16.1           -0.187655           0.0689403
16.15           -0.183975           0.0781777
 16.2           -0.179837           0.0872229
16.25           -0.175252           0.0960535
 16.3           -0.170232            0.104648
16.35           -0.164788            0.112984
 16.4           -0.158933            0.121042
16.45           -0.152683            0.128801
 16.5           -0.146053            0.136241
16.55           -0.139059            0.143345
 16.6           -0.131719            0.150094
16.65            -0.12405             0.15647
 16.7           -0.116072            0.162459
16.75           -0.107804            0.168044
 16.8          -0.0992674            0.173212
16.85          -0.0904829            0.177948
 16.9          -0.0814725            0.182242
16.95          -0.0722587            0.186081
   17          -0.0628644            0.189457
17.05           -0.053313             0.19236
 17.1          -0.0436284            0.194782
17.15          -0.0338348            0.196718
 17.2          -0.0239566            0.198163
17.25          -0.0140185            0.199112
 17.3         -0.00404541            0.199564
17.35          0.00593783            0.199516
 17.4           0.0159062             0.19897
17.45           0.0258349            0.197927
 17.5           0.0356989            0.196389
17.55           0.0454737             0.19436
 17.6           0.0551349            0.191846
17.65           0.0646583            0.188853
 17.7           0.0740202            0.185389
17.75           0.0831972            0.181462
 17.8           0.0921664            0.177084
17.85            0.100906            0.172265
 17.9            0.109393            0.167017
17.95            0.117607            0.161354
   18            0.125528            0.155291
18.05            0.133136            0.148842
 18.1            0.140413            0.142025
18.15            0.147339            0.134856
 18.2            0.153898            0.127353
18.25            0.160074            0.119536
 18.3            0.165852            0.111424
18.35            0.171217            0.103037
 18.4            0.176156           0.0943968
18.45            0.180656           0.0855238
 18.5            0.184708           0.0764404
18.55              0.1883           0.0671692
 18.6            0.191425            0.057733
18.65            0.194074           0.0481551
 18.7             0.19624           0.0384591
18.75             0.19792           0.0286687
 18.8            0.199107           0.0188081
18.85              0.1998          0.00890144
 18.9            0.199997         -0.00102707
18.95            0.199698          -0.0109531
   19            0.198902          -0.0208522
19.05            0.197612          -0.0307003
 19.1            0.195832          -0.0404731
19.15            0.193565          -0.0501466
 19.2            0.190817          -0.0596971
19.25            0.187595          -0.0691011
 19.3            0.183907          -0.0783353
19.35            0.179762           -0.087377
 19.4             0.17517          -0.0962037
19.45            0.170142           -0.104794
 19.5             0.16469           -0.113125
19.55            0.158829           -0.121178
 19.6            0.152572           -0.128932
19.65            0.145936           -0.136367
 19.7            0.138936           -0.143464
19.75            0.131589           -0.150207
 19.8            0.123915           -0.156577
19.85            0.115932           -0.162559
 19.9            0.107659           -0.168137
19.95            0.099118           -0.173297
   20           0.0903294           -0.178026
20.05           0.0813154           -0.182312
 20.1           0.0720982           -0.186143
20.15            0.062701           -0.189511
 20.2           0.0531472           -0.192405
20.25           0.0434605            -0.19482
 20.3           0.0336652           -0.196747
20.35           0.0237858           -0.198183
 20.4           0.0138469           -0.199124
20.45          0.00387336           -0.199567
 20.5         -0.00610984           -0.199511
20.55          -0.0160778           -0.198956
 20.6          -0.0260055           -0.197905
20.65          -0.0358682           -0.196358
 20.7          -0.0456413           -0.194321
20.75          -0.0553003           -0.191798
 20.8          -0.0648211           -0.188797
20.85            -0.07418           -0.185325
 20.9          -0.0833536           -0.181391
20.95          -0.0923191           -0.177005
   21           -0.101054           -0.172178
21.05           -0.109537           -0.166923
 21.1           -0.117746           -0.161253
21.15           -0.125662           -0.155183
 21.2           -0.133265           -0.148728
21.25           -0.140535           -0.141904
 21.3           -0.147455           -0.134729
21.35           -0.154008           -0.127221
 21.4           -0.160177           -0.119399
21.45           -0.165948           -0.111282
 21.5           -0.171305           -0.102891
21.55           -0.176237          -0.0942458
 21.6            -0.18073          -0.0853689
21.65           -0.184774          -0.0762821
 21.7           -0.188358          -0.0670079
21.75           -0.191475           -0.057569
 21.8           -0.194115          -0.0479889
21.85           -0.196273          -0.0382911
 21.9           -0.197944          -0.0284993
21.95           -0.199123          -0.0186377
   22           -0.199808         -0.00873043
22.05           -0.199996          0.00119825
 22.1           -0.199688            0.011124
22.15           -0.198884           0.0210225
 22.2           -0.197586           0.0308694
22.25           -0.195797           0.0406407
 22.3           -0.193522           0.0503123
22.35           -0.190766           0.0598605
 22.4           -0.187536           0.0692617
22.45            -0.18384           0.0784928
 22.5           -0.179686            0.087531
22.55           -0.175087           0.0963539
 22.6           -0.170051             0.10494
22.65           -0.164593            0.113267
 22.7           -0.158724            0.121314
22.75           -0.152461            0.129063
 22.8           -0.145818            0.136492
22.85           -0.138812            0.143584
 22.9            -0.13146             0.15032
22.95            -0.12378            0.156683
   23           -0.115791            0.162658
23.05           -0.107514            0.168229
 23.1          -0.0989685            0.173382
23.15          -0.0901759            0.178104
 23.2          -0.0811582            0.182382
23.25          -0.0719377            0.186205
 23.3          -0.0625376            0.189565
23.35          -0.0529813            0.192451
 23.4          -0.0432925            0.194857
23.45          -0.0334956            0.196776
 23.5          -0.0236149            0.198204
23.55          -0.0136752            0.199136
 23.6          -0.0037013             0.19957
23.65          0.00628185            0.199506
 23.7           0.0162493            0.198943
23.75           0.0261761            0.197882
 23.8           0.0360375            0.196327
23.85           0.0458088            0.194281
 23.9           0.0554656            0.191751
23.95           0.0649839            0.188741
   24           0.0743398            0.185261
24.05             0.08351            0.181319
 24.1           0.0924716            0.176925
24.15            0.101202            0.172091
 24.2            0.109681            0.166829
24.25            0.117885            0.161152
 24.3            0.125796            0.155075
24.35            0.133393            0.148613
 24.4            0.140657            0.141783
24.45            0.147571            0.134603
 24.5            0.154118            0.127089
24.55             0.16028            0.119262
 24.6            0.166044             0.11114
24.65            0.171394            0.102744
 24.7            0.176318           0.0940947
24.75            0.180804            0.085214
 24.8            0.184839           0.0761238
24.85            0.188416           0.0668465
 24.9            0.191524            0.057405
24.95            0.194156           0.0478227
   25            0.196306            0.038123
25.05            0.197969           0.0283299
 25.1            0.199139           0.0184673
25.15            0.199815          0.00855941
 25.2            0.199995         -0.00136942
25.25            0.199678          -0.0112949
 25.3            0.198866          -0.0211927
25.35            0.197559          -0.0310385
 25.4            0.195762          -0.0408083
25.45            0.193478           -0.050478
 25.5            0.190714          -0.0600238
25.55            0.187476          -0.0694223
 25.6            0.183772          -0.0786503
25.65            0.179611           -0.087685
 25.7            0.175003          -0.0965039
25.75            0.169961           -0.105085
 25.8            0.164495           -0.113408
25.85             0.15862            -0.12145
 25.9             0.15235           -0.129193
25.95              0.1457           -0.136617
   26            0.138688           -0.143703
26.05             0.13133           -0.150433
 26.1            0.123645            -0.15679
26.15            0.115651           -0.162758
 26.2            0.107369           -0.168322
26.25            0.098819           -0.173467
 26.3           0.0900223           -0.178181
26.35           0.0810009           -0.182452
 26.4           0.0717772           -0.186267
26.45           0.0623742           -0.189619
 26.5           0.0528153           -0.192497
26.55           0.0431245           -0.194894
 26.6           0.0333259           -0.196805
26.65            0.023444           -0.198224
 26.7           0.0135035           -0.199148
26.75          0.00352923           -0.199573
 26.8         -0.00645385             -0.1995
26.85          -0.0164208           -0.198928
 26.9          -0.0263467           -0.197859
26.95          -0.0362067           -0.196296
   27          -0.0459763           -0.194242
27.05          -0.0556309           -0.191703
 27.1          -0.0651466           -0.188685
27.15          -0.0744995           -0.185197
 27.2          -0.0836663           -0.181247
27.25          -0.0926241           -0.176845
 27.3           -0.101351           -0.172004
27.35           -0.109825           -0.166734
 27.4           -0.118024            -0.16105
27.45            -0.12593           -0.154967
 27.5           -0.133521           -0.148499
27.55           -0.140779           -0.141663
 27.6           -0.147687           -0.134476
27.65           -0.154227           -0.126957
 27.7           -0.160383           -0.119124
27.75           -0.166139           -0.110997
 27.8           -0.171483           -0.102597
27.85           -0.176399          -0.0939435
 27.9           -0.180877           -0.085059
27.95           -0.184905          -0.0759654
   28           -0.188473          -0.0666851
28.05           -0.191574           -0.057241
 28.1           -0.194198          -0.0476564
28.15           -0.196339          -0.0379549
 28.2           -0.197993          -0.0281604
28.25           -0.199155          -0.0182968
 28.3           -0.199823         -0.00838838
28.35           -0.199994           0.0015406
 28.4           -0.199669           0.0114658
28.45           -0.198847           0.0213629
 28.5           -0.197532           0.0312077
28.55           -0.195727           0.0409759
 28.6           -0.193435           0.0506436
28.65           -0.190662           0.0601871
 28.7           -0.187416           0.0695829
28.75           -0.183704           0.0788077
 28.8           -0.179535           0.0878389
28.85            -0.17492           0.0966539
 28.9            -0.16987            0.105231
28.95           -0.164397            0.113549
   29           -0.158515            0.121587
29.05           -0.152238            0.129324
 29.1           -0.145583            0.136742
29.15           -0.138564            0.143822
 29.2             -0.1312            0.150545
29.25            -0.12351            0.156896
 29.3           -0.115511            0.162857
29.35           -0.107224            0.168414
 29.4          -0.0986694            0.173552
29.45          -0.0898687            0.178259
 29.5          -0.0808436            0.182521
29.55          -0.0716166            0.186329
 29.6          -0.0622107            0.189672
29.65          -0.0526493            0.192542
 29.7          -0.0429564            0.194931
29.75          -0.0331562            0.196834
 29.8          -0.0232731            0.198244
29.85          -0.0133318            0.199159
 29.9         -0.00335717            0.199576
29.95          0.00662585            0.199495
   30           0.0165923            0.198914
30.05           0.0265173            0.197837
 30.1            0.036376            0.196265
30.15           0.0461437            0.194202
 30.2           0.0557962            0.191655
30.25           0.0653092            0.188629
 30.3           0.0746591            0.185133
30.35           0.0838225            0.181175
 30.4           0.0927766            0.176766
30.45            0.101499            0.171916
 30.5            0.109968             0.16664
30.55            0.118163            0.160949
 30.6            0.126063            0.154858
30.65            0.133649            0.148384
 30.7            0.140902            0.141542
30.75            0.147803            0.134349
 30.8            0.154336            0.126824
30.85            0.160485            0.118986
 30.9            0.166235            0.110855
30.95            0.171571             0.10245
   31             0.17648           0.0937922
31.05             0.18095            0.084904
 31.1             0.18497            0.075807
31.15            0.188531           0.0665236
 31.2            0.191623           0.0570769
31.25            0.194239           0.0474901
 31.3            0.196372           0.0377868
31.35            0.198017           0.0279909
 31.4            0.199171           0.0181263
31.45             0.19983          0.00821735
 31.5            0.199993         -0.00171177
31.55            0.199659          -0.0116367
 31.6            0.198829          -0.0215331
31.65            0.197505          -0.0313767
 31.7            0.195691          -0.0411434
31.75            0.193391          -0.0508093
 31.8             0.19061          -0.0603504
31.85            0.187356          -0.0697434
 31.9            0.183636          -0.0789651
31.95            0.179459          -0.0879927
   32            0.174837          -0.0968038
32.05            0.169779           -0.105377
 32.1            0.164299            -0.11369
32.15             0.15841           -0.121722
 32.2            0.152127           -0.129455
32.25            0.145465           -0.136867
 32.3             0.13844           -0.143941
32.35            0.131071           -0.150658
 32.4            0.123374           -0.157002
32.45             0.11537           -0.162956
 32.5            0.107079           -0.168506
32.55           0.0985198           -0.173637
 32.6            0.089715           -0.178336
32.65           0.0806862           -0.182591
 32.7           0.0714559           -0.186391
32.75           0.0620471           -0.189726
 32.8           0.0524833           -0.192587
32.85           0.0427884           -0.194968
 32.9           0.0329865           -0.196862
32.95           0.0231022           -0.198264
   33           0.0131601           -0.199171
33.05           0.0031851           -0.199579
 33.1         -0.00679785           -0.199489
33.15          -0.0167638             -0.1989
 33.2          -0.0266878           -0.197814
33.25          -0.0365452           -0.196233
 33.3          -0.0463112           -0.194162
33.35          -0.0559614           -0.191607
 33.4          -0.0654718           -0.188573
33.45          -0.0748187           -0.185068
 33.5          -0.0839787           -0.181103
33.55           -0.092929           -0.176686
 33.6           -0.101647           -0.171829
33.65           -0.110112           -0.166545
 33.7           -0.118302           -0.160847
33.75           -0.126197            -0.15475
 33.8           -0.133777           -0.148269
33.85           -0.141023           -0.141421
 33.9           -0.147919           -0.134222
33.95           -0.154446           -0.126692
   34           -0.160588           -0.118849
34.05           -0.166331           -0.110712
 34.1           -0.171659           -0.102302
34.15           -0.176561          -0.0936409
 34.2           -0.181023          -0.0847489
34.25           -0.185036          -0.0756485
 34.3           -0.188588          -0.0663621
34.35           -0.191672          -0.0569128
 34.4           -0.194279          -0.0473238
34.45           -0.196404          -0.0376187
 34.5           -0.198041          -0.0278214
34.55           -0.199186          -0.0179558
 34.6           -0.199837         -0.00804631
34.65           -0.199991          0.00188294
 34.7           -0.199649           0.0118076
34.75            -0.19881           0.0217033
 34.8           -0.197478           0.0315458
34.85           -0.195656            0.041311
 34.9           -0.193347           0.0509748
34.95           -0.190558           0.0605136
   35           -0.187296           0.0699039
35.05           -0.183568           0.0791224
 35.1           -0.179384           0.0881465
35.15           -0.174753           0.0969537
 35.2           -0.169688            0.105522
35.25           -0.164201            0.113831
 35.3           -0.158305            0.121858
35.35           -0.152015            0.129585
 35.4           -0.145347            0.136992
35.45           -0.138316             0.14406
 35.5           -0.130941            0.150771
35.55           -0.123239            0.157108
 35.6            -0.11523            0.163056
35.65           -0.106933            0.168598
 35.7            -0.09837            0.173722
35.75          -0.0895612            0.178413
 35.8          -0.0805287             0.18266
35.85          -0.0712952            0.186452
 35.9          -0.0618835            0.189779
35.95          -0.0523172            0.192632
   36          -0.0426203            0.195005
36.05          -0.0328167             0.19689
 36.1          -0.0229312            0.198284
36.15          -0.0129884            0.199182
 36.2         -0.00301303            0.199582
36.25          0.00696984            0.199483
 36.3           0.0169353            0.198885
36.35           0.0268584            0.197791
 36.4           0.0367143            0.196202
36.45           0.0464785            0.194122
 36.5           0.0561266            0.191558
36.55           0.0656344            0.188516
 36.6           0.0749782            0.185004
36.65           0.0841348             0.18103
 36.7           0.0930812            0.176606
36.75            0.101795            0.171742
 36.8            0.110255             0.16645
36.85             0.11844            0.160745
 36.9             0.12633            0.154641
36.95            0.133905            0.148154
   37            0.141145            0.141299
37.05            0.148034            0.134095
 37.1            0.154555            0.126559
37.15             0.16069            0.118711
 37.2            0.166426            0.110569
37.25            0.171747            0.102155
 37.3            0.176641           0.0934896
37.35            0.181096           0.0845938
 37.4            0.185101           0.0754899
37.45            0.188645           0.0662006
 37.5            0.191721           0.0567486
37.55             0.19432           0.0471574
 37.6            0.196437           0.0374506
37.65            0.198065           0.0276518
 37.7            0.199202           0.0177853
37.75            0.199844          0.00787526
 37.8            0.199989         -0.00205411
37.85            0.199638          -0.0119785
 37.9            0.198792          -0.0218735
37.95            0.197451          -0.0317148
   38             0.19562          -0.0414785
38.05            0.193303          -0.0511404
 38.1            0.190506          -0.0606768
38.15            0.187235          -0.0700643
 38.2              0.1835          -0.0792797
38.25            0.179308          -0.0883002
 38.3             0.17467          -0.0971034
38.35            0.169597           -0.105668
 38.4            0.164103           -0.113971
38.45              0.1582           -0.121994
 38.5            0.151903           -0.129716
38.55            0.145228           -0.137117
 38.6            0.138192           -0.144178
38.65            0.130811           -0.150883
 38.7            0.123103           -0.157214
38.75            0.115089           -0.163155
 38.8            0.106788            -0.16869
38.85           0.0982202           -0.173806
 38.9           0.0894073            -0.17849
38.95           0.0803712           -0.182729
   39           0.0711344           -0.186513
39.05           0.0617199           -0.189832
 39.1           0.0521511           -0.192677
39.15           0.0424521           -0.195042
 39.2            0.032647           -0.196919
39.25           0.0227603           -0.198304
 39.3           0.0128166           -0.199193
39.35          0.00284095           -0.199584
 39.4         -0.00714182           -0.199477
39.45          -0.0171067           -0.198871
 39.5          -0.0270289           -0.197767
39.55          -0.0368835            -0.19617
 39.6          -0.0466459           -0.194082
39.65          -0.0562917            -0.19151
 39.7          -0.0657969            -0.18846
39.75          -0.0751377           -0.184939
 39.8          -0.0842908           -0.180958
39.85          -0.0932335           -0.176526
 39.9           -0.101943           -0.171654
39.95           -0.110399           -0.166355
   40           -0.118579           -0.160644
40.05           -0.126463           -0.154533
 40.1           -0.134032           -0.148039
40.15           -0.141267           -0.141178
 40.2            -0.14815           -0.133968
40.25           -0.154664           -0.126427
 40.3           -0.160793           -0.118573
40.35           -0.166521           -0.110427
 40.4           -0.171835           -0.102008
40.45           -0.176722          -0.0933381
 40.5           -0.181169          -0.0844385
40.55           -0.185166          -0.0753313
 40.6           -0.188702           -0.066039
40.65            -0.19177          -0.0565844
 40.7           -0.194361           -0.046991
40.75           -0.196469          -0.0372824
 40.8           -0.198089          -0.0274823
40.85           -0.199217          -0.0176148
 40.9            -0.19985         -0.00770421
40.95           -0.199988          0.00222528
   41           -0.199628           0.0121493
41.05           -0.198773           0.0220436
 41.1           -0.197424           0.0318838
41.15           -0.195584           0.0416459
 41.2           -0.193259           0.0513059
41.25           -0.190454           0.0608399
 41.3           -0.187175           0.0702246
41.35           -0.183431           0.0794369
 41.4           -0.179231           0.0884538
41.45           -0.174586           0.0972531
 41.5           -0.169506            0.105813
41.55           -0.164004            0.114112
 41.6           -0.158095             0.12213
41.65           -0.151791            0.129846
 41.7            -0.14511            0.137241
41.75           -0.138067            0.144297
 41.8            -0.13068            0.150995
41.85           -0.122968             0.15732
 41.9           -0.114949            0.163254
41.95           -0.106642            0.168782
   42          -0.0980703            0.173891
42.05          -0.0892534            0.178567
 42.1          -0.0802136            0.182799
42.15          -0.0709735            0.186575
 42.2          -0.0615562            0.189885
42.25           -0.051985            0.192722
 42.3          -0.0422839            0.195078
42.35          -0.0324772            0.196947
 42.4          -0.0225893            0.198323
42.45          -0.0126449            0.199204
 42.5         -0.00266888            0.199587
42.55           0.0073138            0.199471
 42.6           0.0172782            0.198856
42.65           0.0271994            0.197744
 42.7           0.0370526            0.196138
42.75           0.0468132            0.194042
 42.8           0.0564568            0.191461
42.85           0.0659593            0.188403
 42.9           0.0752971            0.184875
42.95           0.0844468            0.180885
   43           0.0933856            0.176445
43.05            0.102091            0.171566
 43.1            0.110542             0.16626
43.15            0.118717            0.160542
 43.2            0.126596            0.154424
43.25             0.13416            0.147924
 43.3            0.141389            0.141057
43.35            0.148265            0.133841
 43.4            0.154773            0.126294
43.45            0.160895            0.118435
 43.5            0.166616            0.110284
43.55            0.171923            0.101861
 43.6            0.176802           0.0931866
43.65            0.181242           0.0842833
 43.7            0.185231           0.0751726
43.75            0.188759           0.0658773
 43.8            0.191818           0.0564202
43.85            0.194401           0.0468246
 43.9            0.196501           0.0371142
43.95            0.198113           0.0273127
   44            0.199232           0.0174443
44.05            0.199857          0.00753316
 44.1            0.199986         -0.00239645
44.15            0.199617          -0.0123202
 44.2            0.198754          -0.0222137
44.25            0.197396          -0.0320528
 44.3            0.195548          -0.0418134
44.35            0.193215          -0.0514713
 44.4            0.190401           -0.061003
44.45            0.187114           -0.070385
 44.5            0.183363           -0.079594
44.55            0.179155          -0.0886074
 44.6            0.174502          -0.0974028
44.65            0.169415           -0.105958
 44.7            0.163906           -0.114253
44.75            0.157989           -0.122265
 44.8            0.151679           -0.129976
44.85            0.144992           -0.137366
 44.9            0.137943           -0.144416
44.95             0.13055           -0.151108
   45            0.122832           -0.157425
45.05            0.114808           -0.163352
 45.1            0.106497           -0.168874
45.15           0.0979204           -0.173975
 45.2           0.0890994           -0.178644
45.25            0.080056           -0.182867
 45.3           0.0708127           -0.186636
45.35           0.0613924           -0.189938
 45.4           0.0518188           -0.192767
45.45           0.0421157           -0.195114
 45.5           0.0323074           -0.196975
45.55           0.0224183           -0.198343
 45.6           0.0124731           -0.199215
45.65           0.0024968           -0.199589
 45.7         -0.00748577           -0.199464
45.75          -0.0174496           -0.198841
 45.8          -0.0273699           -0.197721
45.85          -0.0372217           -0.196106
 45.9          -0.0469805           -0.194002
45.95          -0.0566219           -0.191413
   46          -0.0661218           -0.188346
46.05          -0.0754565            -0.18481
 46.1          -0.0846027           -0.180813
46.15          -0.0935377           -0.176365
 46.2           -0.102239           -0.171478
46.25           -0.110686           -0.166165
 46.3           -0.118856           -0.160439
46.35            -0.12673           -0.154315
 46.4           -0.134287           -0.147808
46.45            -0.14151           -0.140935
 46.5           -0.148381           -0.133713
46.55           -0.154882           -0.126161
 46.6           -0.160997           -0.118297
46.65           -0.166711           -0.110141
 46.7           -0.172011           -0.101713
46.75           -0.176883           -0.093035
 46.8           -0.181315          -0.0841279
46.85           -0.185296          -0.0750139
 46.9           -0.188816          -0.0657156
46.95           -0.191867          -0.0562559
   47           -0.194441          -0.0466581
47.05           -0.196533          -0.0369459
 47.1           -0.198136          -0.0271431
47.15           -0.199247          -0.0172738
 47.2           -0.199863          -0.0073621
47.25           -0.199983          0.00256762
 47.3           -0.199607            0.012491
47.35           -0.198734           0.0223839
 47.4           -0.197368           0.0322218
47.45           -0.195512           0.0419808
 47.5            -0.19317           0.0516368
47.55           -0.190348           0.0611661
 47.6           -0.187054           0.0705452
47.65           -0.183294           0.0797511
 47.7           -0.179079           0.0887609
47.75           -0.174418           0.0975523
 47.8           -0.169323            0.106104
47.85           -0.163807            0.114393
 47.9           -0.157884            0.122401
47.95           -0.151567            0.130106
   48           -0.144873             0.13749
48.05           -0.137818            0.144534
 48.1            -0.13042             0.15122
48.15           -0.122696            0.157531
 48.2           -0.114667            0.163451
48.25           -0.106351            0.168965
 48.3          -0.0977703            0.174059
48.35          -0.0889454             0.17872
 48.4          -0.0798983            0.182936
48.45          -0.0706517            0.186696
 48.5          -0.0612287            0.189991
48.55          -0.0516526            0.192812
 48.6          -0.0419475            0.195151
48.65          -0.0321375            0.197002
 48.7          -0.0222473            0.198362
48.75          -0.0123014            0.199225
 48.8         -0.00232472            0.199591
48.85          0.00765774            0.199458
 48.9           0.0176211            0.198826
48.95           0.0275403            0.197697
   49           0.0373907            0.196074
49.05           0.0471477            0.193961
 49.1           0.0567869            0.191364
49.15           0.0662841            0.188289
 49.2           0.0756158            0.184745
49.25           0.0847586             0.18074
 49.3           0.0936897            0.176284
49.35            0.102387             0.17139
 49.4            0.110829             0.16607
49.45            0.118994            0.160337
 49.5            0.126863            0.154206
49.55            0.134415            0.147693
 49.6            0.141632            0.140814
49.65            0.148496            0.133586
 49.7             0.15499            0.126028
49.75            0.161099            0.118159
 49.8            0.166806            0.109998
49.85            0.172099            0.101566
 49.9            0.176963           0.0928834
49.95            0.181387           0.0839725
   50             0.18536           0.0748552
