 0.05              0.0125            0.249688
  0.1           0.0249688            0.248751
 0.15           0.0373751            0.247193
  0.2            0.049688            0.245017
 0.25           0.0618768            0.242229
  0.3           0.0739109            0.238837
 0.35           0.0857605             0.23485
  0.4           0.0973959            0.230277
 0.45            0.108788            0.225132
  0.5            0.119909            0.219427
 0.55            0.130731            0.213177
  0.6            0.141227            0.206399
 0.65            0.151371            0.199111
  0.7            0.161138             0.19133
 0.75            0.170504            0.183077
  0.8            0.179446            0.174373
 0.85            0.187941             0.16524
  0.9            0.195969            0.155701
 0.95            0.203511             0.14578
    1            0.210548            0.135503
 1.05            0.217061            0.124894
  1.1            0.223037             0.11398
 1.15            0.228459            0.102788
  1.2            0.233316            0.091346
 1.25            0.237594           0.0796818
  1.3            0.241284           0.0678239
 1.35            0.244376           0.0558014
  1.4            0.246864           0.0436435
 1.45            0.248741           0.0313798
  1.5            0.250002           0.0190401
 1.55            0.250645          0.00665423
  1.6            0.250667         -0.00574775
 1.65             0.25007          -0.0181358
  1.7            0.248854          -0.0304799
 1.75            0.247022          -0.0427502
  1.8            0.244579          -0.0549168
 1.85             0.24153          -0.0669502
  1.9            0.237884          -0.0788211
 1.95            0.233648          -0.0905005
    2            0.228834            -0.10196
 2.05            0.223452           -0.113171
  2.1            0.217517           -0.124106
 2.15            0.211042           -0.134738
  2.2            0.204043           -0.145041
 2.25            0.196538           -0.154988
  2.3            0.188544           -0.164556
 2.35            0.180082           -0.173719
  2.4            0.171172           -0.182455
 2.45            0.161836           -0.190742
  2.5            0.152098           -0.198558
 2.55            0.141981           -0.205884
  2.6             0.13151             -0.2127
 2.65            0.120711           -0.218988
  2.7            0.109611           -0.224733
 2.75           0.0982373            -0.22992
  2.8           0.0866187           -0.234535
 2.85           0.0747838           -0.238566
  2.9           0.0627621           -0.242001
 2.95           0.0505837           -0.244834
    3           0.0382788           -0.247054
 3.05           0.0258782           -0.248658
  3.1            0.013413            -0.24964
 3.15         0.000914204           -0.249998
  3.2          -0.0115869           -0.249732
 3.25          -0.0240589            -0.24884
  3.3          -0.0364709           -0.247327
 3.35          -0.0487917           -0.245197
  3.4          -0.0609906           -0.242453
 3.45           -0.073037           -0.239105
  3.5          -0.0849011           -0.235161
 3.55          -0.0965531           -0.230631
  3.6           -0.107964           -0.225527
 3.65           -0.119106           -0.219863
  3.7            -0.12995           -0.213652
 3.75           -0.140471           -0.206912
  3.8           -0.150642            -0.19966
 3.85           -0.160437           -0.191915
  3.9           -0.169833           -0.183696
 3.95           -0.178807           -0.175024
    4           -0.187336           -0.165921
 4.05           -0.195399           -0.156411
  4.1           -0.202977           -0.146518
 4.15           -0.210051           -0.136265
  4.2           -0.216603            -0.12568
 4.25           -0.222619           -0.114787
  4.3           -0.228082           -0.103615
 4.35            -0.23298          -0.0921904
  4.4           -0.237301          -0.0805414
 4.45           -0.241034          -0.0686967
  4.5           -0.244171          -0.0566853
 4.55           -0.246703          -0.0445363
  4.6           -0.248624          -0.0322793
 4.65           -0.249931          -0.0199441
  4.7           -0.250619         -0.00756062
 4.75           -0.250687           0.0048412
  4.8           -0.250135           0.0172313
 4.85           -0.248964           0.0295796
  4.9           -0.247177           0.0418563
 4.95           -0.244778           0.0540315
    5           -0.241774           0.0660757
 5.05            -0.23817           0.0779594
  5.1           -0.233978           0.0896538
 5.15           -0.229205             0.10113
  5.2           -0.223865             0.11236
 5.25           -0.217969            0.123316
  5.3           -0.211533            0.133971
 5.35           -0.204572            0.144299
  5.4           -0.197103            0.154274
 5.45           -0.189145             0.16387
  5.5           -0.180716            0.173064
 5.55           -0.171838            0.181832
  5.6           -0.162533            0.190152
 5.65           -0.152823            0.198003
  5.7           -0.142733            0.205365
 5.75           -0.132286            0.212219
  5.8           -0.121511            0.218547
 5.85           -0.110432            0.224332
  5.9          -0.0990774             0.22956
 5.95          -0.0874758            0.234217
    6          -0.0756557            0.238291
 6.05          -0.0636467            0.241771
  6.1          -0.0514786            0.244647
 6.15           -0.039182            0.246913
  6.2          -0.0267873            0.248562
 6.25          -0.0143258            0.249589
  6.3          -0.0018284            0.249993
 6.35           0.0106736            0.249772
  6.4           0.0231488            0.248927
 6.45           0.0355662            0.247459
  6.5           0.0478947            0.245373
 6.55           0.0601035            0.242675
  6.6           0.0721622             0.23937
 6.65           0.0840406            0.235469
  6.7           0.0957091            0.230982
 6.75            0.107139            0.225919
  6.8            0.118301            0.220295
 6.85            0.129168            0.214124
  6.9            0.139714            0.207423
 6.95            0.149911            0.200208
    7            0.159734            0.192497
 7.05             0.16916            0.184312
  7.1            0.178165            0.175673
 7.15            0.186728            0.166601
  7.2            0.194826             0.15712
 7.25             0.20244            0.147254
  7.3            0.209551            0.137027
 7.35            0.216142            0.126464
  7.4            0.222197            0.115594
 7.45            0.227702            0.104441
  7.5            0.232641           0.0930335
 7.55            0.237005              0.0814
  7.6            0.240781           0.0695687
 7.65            0.243962           0.0575684
  7.7            0.246538           0.0454285
 7.75            0.248505           0.0331784
  7.8            0.249856           0.0208479
 7.85            0.250589          0.00846691
  7.9            0.250703         -0.00393459
 7.95            0.250196          -0.0163266
    8             0.24907           -0.028679
 8.05            0.247328          -0.0409619
  8.1            0.244974          -0.0531455
 8.15            0.242014          -0.0652003
  8.2            0.238454          -0.0770967
 8.25            0.234304          -0.0888059
  8.3            0.229573           -0.100299
 8.35            0.224274           -0.111548
  8.4            0.218419           -0.122525
 8.45            0.212021           -0.133203
  8.5            0.205098           -0.143556
 8.55            0.197666           -0.153557
  8.6            0.189743           -0.163182
 8.65            0.181348           -0.172406
  8.7            0.172502           -0.181206
 8.75            0.163227           -0.189559
  8.8            0.153546           -0.197446
 8.85            0.143483           -0.204844
  8.9            0.133062           -0.211735
 8.95            0.122309           -0.218102
    9            0.111251           -0.223928
 9.05           0.0999162           -0.229197
  9.1           0.0883317           -0.233896
 9.15           0.0765266           -0.238013
  9.2           0.0645303           -0.241537
 9.25           0.0523729           -0.244457
  9.3           0.0400846           -0.246768
 9.35           0.0276961           -0.248462
  9.4           0.0152384           -0.249535
 9.45          0.00274256           -0.249985
  9.5         -0.00976011            -0.24981
 9.55          -0.0222384            -0.24901
  9.6          -0.0346611           -0.247587
 9.65          -0.0469971           -0.245547
  9.7          -0.0592157           -0.242892
 9.75          -0.0712864           -0.239632
  9.8           -0.083179           -0.235775
 9.85          -0.0948638           -0.231329
  9.9           -0.106312           -0.226309
 9.95           -0.117495           -0.220725
   10           -0.128384           -0.214594
10.05           -0.138954            -0.20793
 10.1           -0.149177           -0.200752
10.15           -0.159029           -0.193077
 10.2           -0.168485           -0.184926
10.25           -0.177522           -0.176319
 10.3           -0.186117           -0.167278
10.35            -0.19425           -0.157826
 10.4             -0.2019           -0.147987
10.45           -0.209048           -0.137786
 10.5           -0.215678           -0.127247
10.55           -0.221773           -0.116398
 10.6           -0.227318           -0.105265
10.65             -0.2323          -0.0938755
 10.7           -0.236706          -0.0822575
10.75           -0.240525          -0.0704397
 10.8            -0.24375          -0.0584508
10.85           -0.246371          -0.0463201
 10.9           -0.248382           -0.034077
10.95           -0.249778          -0.0217514
   11           -0.250557          -0.0093731
11.05           -0.250716          0.00302792
 11.1           -0.250254           0.0154216
11.15           -0.249173           0.0277779
 11.2           -0.247476           0.0400669
11.25           -0.245167           0.0522588
 11.3            -0.24225            0.064324
11.35           -0.238734            0.076233
 11.4           -0.234627           0.0879568
11.45           -0.229939           0.0994668
 11.5            -0.22468            0.110735
11.55           -0.218865            0.121733
 11.6           -0.212507            0.132433
11.65           -0.205622            0.142811
 11.7           -0.198226            0.152838
11.75           -0.190338            0.162491
 11.8           -0.181977            0.171745
11.85           -0.173163            0.180577
 11.9           -0.163919            0.188964
11.95           -0.154267            0.196885
   12           -0.144231             0.20432
12.05           -0.133835            0.211249
 12.1           -0.123106            0.217655
12.15            -0.11207            0.223521
 12.2           -0.100754            0.228831
12.25          -0.0891864            0.233573
 12.3          -0.0773964            0.237732
12.35          -0.0654132            0.241299
 12.4          -0.0532665            0.244265
12.45          -0.0409867             0.24662
 12.5          -0.0286045            0.248359
12.55          -0.0161508            0.249478
 12.6         -0.00365669            0.249973
12.65          0.00884654            0.249844
 12.7           0.0213277            0.249089
12.75           0.0337555            0.247712
 12.8           0.0460989            0.245717
12.85           0.0583271            0.243107
 12.9           0.0704096            0.239891
12.95           0.0823162            0.236077
   13           0.0940173            0.231674
13.05            0.105484            0.226695
 13.1            0.116687            0.221152
13.15            0.127599             0.21506
 13.2            0.138193            0.208435
13.25            0.148442            0.201294
 13.3            0.158322            0.193655
13.35            0.167808            0.185538
 13.4            0.176876            0.176963
13.45            0.185504            0.167953
 13.5            0.193671            0.158531
13.55            0.201357            0.148719
 13.6            0.208543            0.138543
13.65            0.215212            0.128029
 13.7            0.221346            0.117201
13.75            0.226932            0.106088
 13.8            0.231955           0.0947162
13.85            0.236403            0.083114
 13.9            0.240266           0.0713098
13.95            0.243534           0.0593324
   14              0.2462           0.0472111
14.05            0.248255           0.0349752
 14.1            0.249697           0.0226546
14.15            0.250521           0.0102792
 14.2            0.250725         -0.00212122
14.25            0.250309          -0.0145165
 14.3            0.249273          -0.0268765
14.35            0.247621          -0.0391715
 14.4            0.245356          -0.0513715
14.45            0.242484          -0.0634469
 14.5            0.239011          -0.0753683
14.55            0.234947          -0.0871067
 14.6            0.230301          -0.0986332
14.65            0.225084            -0.10992
 14.7            0.219309           -0.120938
14.75             0.21299           -0.131662
 14.8            0.206143           -0.142063
14.85            0.198784           -0.152118
 14.9            0.190931           -0.161799
14.95            0.182604           -0.171083
   15            0.173823           -0.179946
15.05            0.164609           -0.188367
 15.1            0.154986           -0.196323
15.15            0.144977           -0.203793
 15.2            0.134607            -0.21076
15.25            0.123901           -0.217205
 15.3            0.112886           -0.223111
15.35             0.10159           -0.228462
 15.4           0.0900399           -0.233245
15.45           0.0782653           -0.237448
 15.5           0.0662951           -0.241059
15.55           0.0541594           -0.244068
 15.6           0.0418883           -0.246469
15.65           0.0295125           -0.248253
 15.7            0.017063           -0.249417
15.75          0.00457078           -0.249958
 15.8         -0.00793285           -0.249874
15.85          -0.0204166           -0.249165
 15.9          -0.0328494           -0.247834
15.95             -0.0452           -0.245883
   16          -0.0574377           -0.243319
16.05          -0.0695319           -0.240146
 16.1          -0.0814524           -0.236376
16.15          -0.0931695           -0.232016
 16.2           -0.104654           -0.227078
16.25           -0.115877           -0.221576
 16.3           -0.126812           -0.215524
16.35            -0.13743           -0.208937
 16.4           -0.147705           -0.201833
16.45           -0.157613            -0.19423
 16.5           -0.167128           -0.186147
16.55           -0.176228           -0.177605
 16.6           -0.184889           -0.168626
16.65            -0.19309           -0.159233
 16.7           -0.200812           -0.149449
16.75           -0.208035           -0.139299
 16.8           -0.214742           -0.128808
16.85           -0.220916           -0.118003
 16.9           -0.226542           -0.106909
16.95           -0.231607          -0.0955557
   17           -0.236098          -0.0839694
17.05           -0.240004           -0.072179
 17.1           -0.243316          -0.0602133
17.15           -0.246025          -0.0481014
 17.2           -0.248126           -0.035873
17.25           -0.249613          -0.0235576
 17.3           -0.250482          -0.0111851
17.35           -0.250731          0.00121448
 17.4            -0.25036           0.0136111
17.45            -0.24937           0.0259748
 17.5           -0.247763           0.0382755
17.55           -0.245542           0.0504835
 17.6           -0.242714            0.062569
17.65           -0.239285           0.0745026
 17.7           -0.235264           0.0862554
17.75            -0.23066           0.0977983
 17.8           -0.225484            0.109103
17.85            -0.21975            0.120142
 17.9            -0.21347            0.130888
17.95           -0.206661            0.141314
   18           -0.199339            0.151395
18.05           -0.191521            0.161104
 18.1           -0.183228            0.170418
18.15            -0.17448            0.179313
 18.2           -0.165297            0.187767
18.25           -0.155703            0.195757
 18.3           -0.145721            0.203264
18.35           -0.135376            0.210268
 18.4           -0.124694            0.216752
18.45           -0.113701            0.222697
 18.5           -0.102425             0.22809
18.55          -0.0908923            0.232915
 18.6           -0.079133            0.237161
18.65          -0.0671762            0.240815
 18.7          -0.0550515            0.243869
18.75          -0.0427893            0.246314
 18.8          -0.0304201            0.248144
18.85          -0.0179749            0.249353
 18.9          -0.0054848             0.24994
18.95          0.00701905            0.249902
   19           0.0195054            0.249238
19.05           0.0319429            0.247952
 19.1           0.0443006            0.246047
19.15           0.0565476            0.243527
 19.2           0.0686533            0.240399
19.25           0.0805875            0.236671
 19.3           0.0923204            0.232354
19.35            0.103823            0.227458
 19.4            0.115066            0.221997
19.45            0.126023            0.215985
 19.5            0.136665            0.209436
19.55            0.146966            0.202369
 19.6            0.156902            0.194802
19.65            0.166446            0.186754
 19.7            0.175577            0.178245
19.75            0.184271            0.169297
 19.8            0.192507            0.159933
19.85            0.200264            0.150177
 19.9            0.207524            0.140053
19.95             0.21427            0.129586
   20            0.220483            0.118803
20.05             0.22615             0.10773
 20.1            0.231256           0.0963939
20.15            0.235789           0.0848237
 20.2            0.239738           0.0730472
20.25            0.243094           0.0610933
 20.3            0.245848           0.0489912
20.35            0.247993           0.0367703
 20.4            0.249525           0.0244602
20.45            0.250439           0.0120909
 20.5            0.250734        -0.000307737
20.55            0.250408          -0.0127056
 20.6            0.249463          -0.0250727
20.65            0.247901           -0.037379
 20.7            0.245725          -0.0495948
20.75            0.242942          -0.0616902
 20.8            0.239556           -0.073636
20.85            0.235578          -0.0854029
 20.9            0.231016          -0.0969622
20.95            0.225882           -0.108286
   21            0.220188           -0.119345
21.05            0.213947           -0.130113
 21.1            0.207176           -0.140564
21.15            0.199891            -0.15067
 21.2            0.192109           -0.160407
21.25             0.18385           -0.169751
 21.3            0.175134           -0.178678
21.35            0.165982           -0.187164
 21.4            0.156418           -0.195189
21.45            0.146463           -0.202732
 21.5            0.136144           -0.209774
21.55            0.125486           -0.216296
 21.6            0.114515           -0.222281
21.65            0.103258           -0.227715
 21.7           0.0917434           -0.232582
21.75           0.0799998            -0.23687
 21.8           0.0680564           -0.240568
21.85           0.0559429           -0.243666
 21.9           0.0436897           -0.246156
21.95           0.0313273           -0.248031
   22           0.0188867           -0.249286
22.05          0.00639874           -0.249918
 22.1         -0.00610516           -0.249925
22.15          -0.0185938           -0.249308
 22.2           -0.031036           -0.248067
22.25          -0.0434006           -0.246207
 22.3          -0.0556567           -0.243732
22.35          -0.0677737           -0.240648
 22.4          -0.0797215           -0.236964
22.45          -0.0914701           -0.232689
 22.5            -0.10299           -0.227836
22.55           -0.114254           -0.222415
 22.6           -0.125232           -0.216443
22.65           -0.135898           -0.209933
 22.7           -0.146225           -0.202903
22.75           -0.156188           -0.195372
 22.8           -0.165762           -0.187358
22.85           -0.174924           -0.178882
 22.9           -0.183651           -0.169966
22.95           -0.191921           -0.160631
   23           -0.199714           -0.150903
23.05           -0.207011           -0.140805
 23.1           -0.213794           -0.130362
23.15           -0.220047           -0.119601
 23.2           -0.225754           -0.108548
23.25           -0.230902          -0.0972309
 23.3           -0.235477          -0.0856769
23.35            -0.23947          -0.0739145
 23.4           -0.242869          -0.0619726
23.45           -0.245667          -0.0498803
 23.5           -0.247857          -0.0376671
23.55           -0.249434          -0.0253625
 23.6           -0.250393          -0.0129965
23.65           -0.250733        -0.000599015
 23.7           -0.250453           0.0117999
23.75           -0.249553           0.0241703
 23.8           -0.248036           0.0364821
23.85           -0.245905           0.0487054
 23.9           -0.243166           0.0608107
23.95           -0.239824           0.0727684
   24           -0.235889           0.0845494
24.05           -0.231369           0.0961248
 24.1           -0.226276            0.107466
24.15           -0.220622            0.118546
 24.2           -0.214422            0.129336
24.25           -0.207689            0.139811
 24.3           -0.200441            0.149944
24.35           -0.192694            0.159709
 24.4            -0.18447            0.169082
24.45           -0.175786             0.17804
 24.5           -0.166666            0.186559
24.55            -0.15713            0.194619
 24.6           -0.147204            0.202197
24.65           -0.136911            0.209276
 24.7           -0.126276            0.215837
24.75           -0.115327            0.221862
 24.8            -0.10409            0.227337
24.85          -0.0925933            0.232246
 24.9          -0.0808654            0.236577
24.95          -0.0689356            0.240318
   25          -0.0568336             0.24346
25.05          -0.0445896            0.245995
 25.1          -0.0322341            0.247915
25.15          -0.0197981            0.249215
 25.2         -0.00731261            0.249893
25.25          0.00519119            0.249946
 25.3            0.017682            0.249374
25.35           0.0301286            0.248179
 25.4           0.0424999            0.246364
25.45            0.054765            0.243933
 25.5           0.0668933            0.240894
25.55           0.0788544            0.237253
 25.6           0.0906186            0.233022
25.65            0.102157             0.22821
 25.7             0.11344             0.22283
25.75             0.12444            0.216898
 25.8            0.135129            0.210427
25.85            0.145482            0.203434
 25.9            0.155473            0.195939
25.95            0.165076             0.18796
   26            0.174269            0.179517
26.05            0.183028            0.170632
 26.1            0.191332            0.161328
26.15            0.199161            0.151627
 26.2            0.206495            0.141555
26.25            0.213316            0.131137
 26.3            0.219608            0.120398
26.35            0.225356            0.109366
 26.4            0.230545           0.0980667
26.45            0.235163           0.0865289
 26.5            0.239198           0.0747808
26.55            0.242641           0.0628511
 26.6            0.245483           0.0507688
26.65            0.247718           0.0385634
 26.7            0.249339           0.0262645
26.75            0.250344            0.013902
 26.8            0.250729          0.00150576
26.85            0.250495          -0.0108941
 26.9             0.24964          -0.0232675
26.95            0.248168          -0.0355846
   27            0.246082          -0.0478155
27.05            0.243386          -0.0599304
 27.1            0.240089          -0.0718999
27.15            0.236196          -0.0836947
 27.2            0.231719          -0.0952862
27.25            0.226668           -0.106646
 27.3            0.221055           -0.117745
27.35            0.214893           -0.128558
 27.4            0.208199           -0.139057
27.45            0.200988           -0.149215
 27.5            0.193277           -0.159008
27.55            0.185087            -0.16841
 27.6            0.176436           -0.177399
27.65            0.167347           -0.185952
 27.7            0.157841           -0.194045
27.75            0.147942            -0.20166
 27.8            0.137675           -0.208776
27.85            0.127065           -0.215375
 27.9            0.116137            -0.22144
27.95            0.104921           -0.226955
   28           0.0934419           -0.231906
28.05             0.08173            -0.23628
 28.1            0.069814           -0.240065
28.15           0.0577235           -0.243251
 28.2           0.0454889            -0.24583
28.25           0.0331405           -0.247795
 28.3           0.0207093           -0.249141
28.35          0.00822637           -0.249865
 28.4         -0.00427715           -0.249963
28.45            -0.01677           -0.249437
 28.5          -0.0292209           -0.248288
28.55          -0.0415987           -0.246518
 28.6          -0.0538726           -0.244132
28.65          -0.0660119           -0.241136
 28.7          -0.0779863            -0.23754
28.75          -0.0897659           -0.233351
 28.8           -0.101321           -0.228581
28.85           -0.112624           -0.223243
 28.9           -0.123646            -0.21735
28.95           -0.134359           -0.210918
   29           -0.144737           -0.203963
29.05           -0.154755           -0.196504
 29.1           -0.164388           -0.188559
29.15           -0.173611           -0.180149
 29.2           -0.182403           -0.171296
29.25           -0.190741           -0.162021
 29.3           -0.198605           -0.152349
29.35           -0.205976           -0.142304
 29.4           -0.212835            -0.13191
29.45           -0.219167           -0.121194
 29.5           -0.224955           -0.110182
29.55           -0.230185          -0.0989011
 29.6           -0.234845          -0.0873799
29.65           -0.238923          -0.0756462
 29.7           -0.242409          -0.0637287
29.75           -0.245296          -0.0516566
 29.8           -0.247575          -0.0394592
29.85           -0.249242          -0.0271661
 29.9           -0.250292          -0.0148072
29.95           -0.250722         -0.00241248
   30           -0.250533          0.00998811
30.05           -0.249723           0.0223645
 30.1           -0.248296           0.0346867
30.15           -0.246255           0.0469249
 30.2           -0.243604           0.0590493
30.25            -0.24035           0.0710304
 30.3           -0.236501            0.082839
30.35           -0.232066           0.0944463
 30.4           -0.227056            0.105824
30.45           -0.221484            0.116943
 30.5           -0.215362            0.127778
30.55           -0.208706              0.1383
 30.6           -0.201532            0.148484
30.65           -0.193857            0.158305
 30.7           -0.185701            0.167737
30.75           -0.177084            0.176757
 30.8           -0.168026            0.185342
30.85            -0.15855             0.19347
 30.9           -0.148679             0.20112
30.95           -0.138438            0.208273
   31           -0.127851            0.214911
31.05           -0.116946            0.221015
 31.1            -0.10575            0.226571
31.15          -0.0942893            0.231564
 31.2          -0.0825935             0.23598
31.25          -0.0706914            0.239808
 31.3          -0.0586127            0.243039
31.35          -0.0463875            0.245662
 31.4          -0.0340464            0.247673
31.45          -0.0216202            0.249064
 31.5         -0.00914002            0.249833
31.55          0.00336305            0.249977
 31.6           0.0158577            0.249497
31.65           0.0283127            0.248393
 31.7            0.040697            0.246668
31.75           0.0529795            0.244327
 31.8           0.0651297            0.241376
31.85           0.0771171            0.237823
 31.9            0.088912            0.233677
31.95            0.100485            0.228949
   32            0.111807            0.223652
32.05             0.12285            0.217799
 32.1            0.133587            0.211406
32.15            0.143991            0.204489
 32.2            0.154036            0.197066
32.25            0.163697            0.189156
 32.3            0.172951            0.180779
32.35            0.181775            0.171958
 32.4            0.190147            0.162713
32.45            0.198046            0.153069
 32.5            0.205454             0.14305
32.55            0.212351            0.132681
 32.6            0.218722            0.121987
32.65             0.22455            0.110996
 32.7            0.229822           0.0997343
32.75            0.234524           0.0882297
 32.8            0.238645           0.0765106
32.85            0.242175           0.0646056
 32.9            0.245105           0.0525438
32.95            0.247429           0.0403545
   33            0.249141           0.0280674
33.05            0.250236           0.0157123
 33.1            0.250712          0.00331918
33.15            0.250568         -0.00908201
 33.2            0.249804          -0.0214612
33.25            0.248422          -0.0337884
 33.3            0.246425          -0.0460337
33.35            0.243818          -0.0581674
 33.4            0.240608            -0.07016
33.45            0.236802          -0.0819822
 33.5             0.23241          -0.0936052
33.55            0.227442              -0.105
 33.6             0.22191            -0.11614
33.65            0.215828           -0.126996
 33.7             0.20921           -0.137542
33.75            0.202073           -0.147752
 33.8            0.194435             -0.1576
33.85            0.186313           -0.167061
 33.9            0.177729           -0.176112
33.95            0.168702           -0.184729
   34            0.159256           -0.192891
34.05            0.149413           -0.200577
 34.1            0.139198           -0.207768
34.15            0.128636           -0.214443
 34.2            0.117754           -0.220587
34.25            0.106578           -0.226184
 34.3           0.0951355           -0.231218
34.35           0.0834559           -0.235677
 34.4           0.0715678           -0.239549
34.45            0.059501           -0.242823
 34.5           0.0472855           -0.245491
34.55           0.0349519           -0.247546
 34.6           0.0225309           -0.248983
34.65           0.0100536           -0.249798
 34.7         -0.00244891           -0.249988
34.75          -0.0149452           -0.249553
 34.8          -0.0274042           -0.248495
34.85          -0.0397947           -0.246815
 34.9          -0.0520857           -0.244519
34.95          -0.0642466           -0.241612
   35          -0.0762469           -0.238103
35.05          -0.0880568              -0.234
 35.1          -0.0996469           -0.229314
35.15           -0.110988           -0.224058
 35.2           -0.122053           -0.218245
35.25           -0.132813           -0.211891
 35.3           -0.143242           -0.205012
35.35           -0.153314           -0.197625
 35.4           -0.163004            -0.18975
35.45           -0.172289           -0.181407
 35.5           -0.181145           -0.172617
35.55           -0.189551           -0.163403
 35.6           -0.197485           -0.153787
35.65           -0.204929           -0.143795
 35.7           -0.211865            -0.13345
35.75           -0.218274            -0.12278
 35.8           -0.224143           -0.111809
35.85           -0.229455           -0.100566
 35.9           -0.234199          -0.0890784
35.95           -0.238363           -0.077374
   36           -0.241937          -0.0654816
36.05           -0.244911          -0.0534302
 36.1            -0.24728          -0.0412493
36.15           -0.249036          -0.0289683
 36.2           -0.250177          -0.0166172
36.25           -0.250698         -0.00422583
 36.3           -0.250599          0.00817579
36.35            -0.24988           0.0205576
 36.4           -0.248543           0.0328896
36.45           -0.246591           0.0451419
 36.5           -0.244029           0.0572848
36.55           -0.240863           0.0692887
 36.6             -0.2371           0.0811243
36.65           -0.232751           0.0927628
 36.7           -0.227824            0.104176
36.75           -0.222333            0.115335
 36.8           -0.216291            0.126213
36.85           -0.209712            0.136782
 36.9           -0.202612            0.147017
36.95            -0.19501            0.156893
   37           -0.186923            0.166383
37.05           -0.178372            0.175464
 37.1           -0.169377            0.184114
37.15            -0.15996            0.192311
 37.2           -0.150146            0.200032
37.25           -0.139957            0.207259
 37.3            -0.12942            0.213973
37.35            -0.11856            0.220157
 37.4           -0.107404            0.225794
37.45          -0.0959804            0.230869
 37.5          -0.0843171            0.235371
37.55          -0.0724433            0.239286
 37.6          -0.0603886            0.242604
37.65          -0.0481829            0.245317
 37.7          -0.0358569            0.247417
37.75          -0.0234412            0.248899
 37.8           -0.010967            0.249759
37.85          0.00153473            0.249995
 37.9           0.0140326            0.249606
37.95           0.0264953            0.248593
   38           0.0388919            0.246959
38.05           0.0511912            0.244707
 38.1           0.0633626            0.241845
38.15           0.0753757             0.23838
 38.2           0.0872006             0.23432
38.25           0.0988077            0.229676
 38.3            0.110168            0.224461
38.35            0.121254            0.218689
 38.4            0.132037            0.212374
38.45            0.142491            0.205532
 38.5             0.15259            0.198182
38.55            0.162309            0.190342
 38.6            0.171624            0.182032
38.65            0.180513            0.173274
 38.7            0.188952             0.16409
38.75            0.196922            0.154503
 38.8            0.204402            0.144538
38.85            0.211375            0.134218
 38.9            0.217824             0.12357
38.95            0.223732            0.112621
   39            0.229086            0.101397
39.05            0.233872           0.0899259
 39.1            0.238079           0.0782363
39.15            0.241696           0.0663567
 39.2            0.244714            0.054316
39.25            0.247127           0.0421435
 39.3            0.248929           0.0298689
39.35            0.250114           0.0175219
 39.4            0.250681          0.00513242
39.45            0.250627         -0.00726947
 39.5            0.249954          -0.0196537
39.55            0.248662          -0.0319904
 39.6            0.246755          -0.0442496
39.65            0.244237          -0.0564014
 39.7            0.241115          -0.0684165
39.75            0.237395          -0.0802654
 39.8            0.233088          -0.0919193
39.85            0.228204            -0.10335
 39.9            0.222753           -0.114528
39.95            0.216751           -0.125427
   40            0.210211           -0.136021
40.05            0.203149           -0.146281
 40.1            0.195582           -0.156183
40.15             0.18753           -0.165703
 40.2            0.179012           -0.174815
40.25            0.170049           -0.183497
 40.3            0.160662           -0.191727
40.35            0.150876           -0.199484
 40.4            0.140714           -0.206748
40.45            0.130201             -0.2135
 40.5            0.119364           -0.219723
40.55            0.108229             -0.2254
 40.6            0.096824           -0.230518
40.65           0.0851773           -0.235061
 40.7           0.0733179           -0.239019
40.75           0.0612753           -0.242382
 40.8           0.0490797           -0.245139
40.85           0.0367614           -0.247284
 40.9           0.0243512           -0.248812
40.95           0.0118802           -0.249718
   41        -0.000620533           -0.249999
41.05          -0.0131197           -0.249656
 41.1          -0.0255861           -0.248688
41.15          -0.0379885           -0.247099
 41.2           -0.050296           -0.244893
41.25          -0.0624778           -0.242075
 41.3          -0.0745035           -0.238653
41.35          -0.0863431           -0.234636
 41.4          -0.0979671           -0.230035
41.45           -0.109347           -0.224862
 41.5           -0.120453           -0.219129
41.55            -0.13126           -0.212853
 41.6           -0.141739            -0.20605
41.65           -0.151865           -0.198736
 41.7           -0.161612           -0.190931
41.75           -0.170958           -0.182655
 41.8           -0.179878           -0.173929
41.85           -0.188351           -0.164776
 41.9           -0.196355           -0.155217
41.95           -0.203872           -0.145278
   42           -0.210883           -0.134984
42.05           -0.217371           -0.124359
 42.1           -0.223319           -0.113431
42.15           -0.228714           -0.102226
 42.2           -0.233542          -0.0907722
42.25           -0.237791          -0.0790977
 42.3           -0.241451           -0.067231
42.35           -0.244514          -0.0552011
 42.4           -0.246972          -0.0430372
42.45           -0.248818          -0.0307691
 42.5           -0.250048          -0.0184263
42.55            -0.25066         -0.00603895
 42.6           -0.250652          0.00636305
42.65           -0.250024           0.0187496
 42.7           -0.248777           0.0310908
42.75           -0.246915           0.0433566
 42.8           -0.244442           0.0555173
42.85           -0.241363           0.0675434
 42.9           -0.237687           0.0794054
42.95           -0.233423           0.0910745
   43            -0.22858            0.102522
43.05           -0.223171             0.11372
 43.1           -0.217208            0.124641
43.15           -0.210707            0.135257
 43.2           -0.203682            0.145543
43.25           -0.196152            0.155472
 43.3           -0.188135             0.16502
43.35            -0.17965            0.174163
 43.4           -0.170719            0.182877
43.45           -0.161362            0.191141
 43.5           -0.151605            0.198933
43.55           -0.141469            0.206234
 43.6           -0.130981            0.213024
43.65           -0.120167            0.219286
 43.7           -0.109053            0.225004
43.75          -0.0976663            0.230163
 43.8          -0.0860363            0.234749
43.85          -0.0741914             0.23875
 43.9          -0.0621613            0.242156
43.95          -0.0499758            0.244958
   44          -0.0376654            0.247149
44.05          -0.0252609            0.248721
 44.1          -0.0127933            0.249673
44.15        -0.000293673                0.25
 44.2           0.0122067            0.249702
44.25           0.0246765             0.24878
 44.3           0.0370847            0.247236
44.35           0.0494002            0.245075
 44.4           0.0615922            0.242302
44.45           0.0736303            0.238924
 44.5           0.0854845             0.23495
44.55           0.0971253            0.230391
 44.6            0.108524            0.225259
44.65            0.119651            0.219567
 44.7             0.13048             0.21333
44.75            0.140984            0.206565
 44.8            0.151137            0.199288
44.85            0.160913            0.191518
 44.9            0.170289            0.183276
44.95            0.179241            0.174582
   45            0.187747            0.165459
45.05            0.195786            0.155929
 45.1             0.20334            0.146017
45.15            0.210388            0.135748
 45.2            0.216915            0.125146
45.25            0.222903            0.114239
 45.3            0.228338            0.103054
45.35            0.233208           0.0916174
 45.4              0.2375            0.079958
45.45            0.241204           0.0681044
 45.5            0.244311           0.0560854
45.55            0.246813           0.0439304
 45.6            0.248704           0.0316688
45.65            0.249979           0.0193305
 45.7            0.250637           0.0069454
45.75            0.250674         -0.00545654
 45.8            0.250091          -0.0178453
45.85            0.248889          -0.0301908
 45.9            0.247072          -0.0424631
45.95            0.244643          -0.0546325
   46            0.241609          -0.0666694
46.05            0.237976          -0.0785444
 46.1            0.233754          -0.0902286
46.15            0.228953           -0.101693
 46.2            0.223585            -0.11291
46.25            0.217662           -0.123852
 46.3              0.2112           -0.134492
46.35            0.204213           -0.144803
 46.4            0.196719           -0.154759
46.45            0.188737           -0.164336
 46.5            0.180286           -0.173509
46.55            0.171386           -0.182255
 46.6             0.16206           -0.190553
46.65            0.152331            -0.19838
 46.7            0.142222           -0.205717
46.75            0.131759           -0.212545
 46.8            0.120968           -0.218847
46.85            0.109875           -0.224605
 46.9           0.0985073           -0.229805
46.95           0.0868941           -0.234433
   47            0.075064           -0.238478
47.05           0.0630464           -0.241928
 47.1           0.0508712           -0.244774
47.15            0.038569           -0.247009
 47.2           0.0261703           -0.248627
47.25           0.0137062           -0.249624
 47.3          0.00120787           -0.249997
47.35          -0.0112935           -0.249745
 47.4          -0.0237666           -0.248869
47.45          -0.0361803            -0.24737
 47.5          -0.0485036           -0.245254
47.55          -0.0607057           -0.242525
 47.6          -0.0727561           -0.239191
47.65          -0.0846248            -0.23526
 47.7          -0.0962822           -0.230744
47.75           -0.107699           -0.225653
 47.8           -0.118847           -0.220002
47.85           -0.129699           -0.213804
 47.9           -0.140228           -0.207077
47.95           -0.150407           -0.199836
   48           -0.160212           -0.192102
48.05           -0.169617           -0.183894
 48.1           -0.178601           -0.175233
48.15           -0.187141            -0.16614
 48.2           -0.195215           -0.156639
48.25           -0.202804           -0.146754
 48.3            -0.20989            -0.13651
48.35           -0.216455           -0.125932
 48.4           -0.222484           -0.115047
48.45            -0.22796            -0.10388
 48.5           -0.232872          -0.0924614
48.55           -0.237206          -0.0808173
 48.6           -0.240953          -0.0689769
48.65           -0.244104           -0.056969
 48.7            -0.24665          -0.0448229
48.75           -0.248586          -0.0325682
 48.8           -0.249907          -0.0202345
48.85            -0.25061         -0.00785176
 48.9           -0.250692          0.00454997
48.95           -0.250155           0.0169407
   49           -0.248998           0.0292904
49.05           -0.247226           0.0415691
 49.1           -0.244841            0.053747
49.15           -0.241851           0.0657946
 49.2           -0.238262           0.0776824
49.25           -0.234083           0.0893815
 49.3           -0.229324            0.100863
49.35           -0.223996            0.112099
 49.4           -0.218114            0.123062
49.45            -0.21169            0.133725
 49.5           -0.204741            0.144061
49.55           -0.197284            0.154044
 49.6           -0.189337            0.163649
49.65           -0.180919            0.172852
 49.7           -0.172052            0.181631
49.75           -0.162756            0.189962
 49.8           -0.153055            0.197824
49.85           -0.142974            0.205198
 49.9           -0.132536            0.212064
49.95           -0.121767            0.218404
   50           -0.110695            0.224203
